1.000000000 0.000000000 0.000000000 0.000000000 0.000000000 0.999961495 0.000000000 -0.000065506 0.000000000 0.000000000 0.999961495 0.000000001
0.999999940 -0.000175799 0.000218740 -0.016338531 0.000175463 0.999979615 0.001519344 -0.013497984 -0.000219003 -0.001519306 0.999979615 1.316393495
0.999998569 -0.001648214 -0.000420438 -0.017825397 0.001648917 0.999997199 0.001676818 -0.037730698 0.000417673 -0.001677509 0.999998450 2.643872738
0.999994874 -0.003165791 -0.000478756 -0.019661391 0.003166103 0.999994814 0.000651259 -0.055631403 0.000476692 -0.000652771 0.999999702 3.971207619
0.999993801 -0.003514933 -0.000316190 -0.026854400 0.003515200 0.999993384 0.000847358 -0.078924961 0.000313210 -0.000848464 0.999999583 5.304233551
0.999992490 -0.003839124 -0.000360621 -0.029961906 0.003839735 0.999991119 0.001707126 -0.100090407 0.000354064 -0.001708498 0.999998510 6.655584335
0.999985516 -0.005377683 -0.000044889 -0.039146122 0.005377788 0.999981463 0.002822470 -0.115951613 0.000029710 -0.002822670 0.999995947 7.996924400
0.999987543 -0.004984513 -0.000315571 -0.045389336 0.004985502 0.999982417 0.003211474 -0.131481573 0.000299558 -0.003213007 0.999994814 9.354211807
0.999991596 -0.004076491 -0.000470796 -0.055446833 0.004077235 0.999990404 0.001594119 -0.155662909 0.000464293 -0.001596025 0.999998569 10.708973885
0.999998808 -0.001419855 -0.000576291 -0.067395218 0.001419556 0.999998808 -0.000519028 -0.177504435 0.000577027 0.000518209 0.999999702 12.060310364
0.999997258 0.002320272 -0.000253986 -0.082340784 -0.002320660 0.999996126 -0.001536019 -0.198821738 0.000250421 0.001536604 0.999998808 13.412670135
0.999990106 0.004414974 -0.000375018 -0.090606280 -0.004415554 0.999989033 -0.001561654 -0.222451419 0.000368119 0.001563295 0.999998629 14.786773682
0.999984384 0.005590392 -0.000280452 -0.099800736 -0.005590572 0.999984145 -0.000640763 -0.245646074 0.000276865 0.000642321 0.999999762 16.152196884
0.999995947 0.002830993 0.000254255 -0.104252987 -0.002831577 0.999993324 0.002323505 -0.271609992 -0.000247675 -0.002324216 0.999997318 17.535627365
0.999998748 -0.001489973 0.000525680 -0.109100901 0.001487722 0.999989927 0.004256684 -0.288117200 -0.000532018 -0.004255897 0.999990821 18.908035278
0.999991715 -0.004049932 0.000085293 -0.110375464 0.004049762 0.999989927 0.001899786 -0.309726089 -0.000092986 -0.001899425 0.999998212 20.274824142
0.999986231 -0.005236385 0.000175343 -0.109570935 0.005236386 0.999986231 -0.000006582 -0.330477864 -0.000175306 0.000007501 1.000000000 21.647789001
0.999996543 -0.002446760 0.000878809 -0.124553606 0.002448200 0.999995649 -0.001640792 -0.353711367 -0.000874790 0.001642938 0.999998391 23.041461945
0.999999106 0.000135511 0.001301579 -0.132006004 -0.000135458 1.000000000 -0.000040973 -0.373357356 -0.001301585 0.000040797 0.999999225 24.408805847
0.999998033 0.000465436 0.001903929 -0.135610759 -0.000473487 0.999990880 0.004230336 -0.400230259 -0.001901943 -0.004231229 0.999989331 25.826332092
0.999994695 -0.001716131 0.002738470 -0.144472986 0.001700084 0.999981344 0.005851254 -0.410593033 -0.002748460 -0.005846568 0.999979079 27.218358994
0.999980450 -0.005824356 0.002281842 -0.139649898 0.005814864 0.999974489 0.004144432 -0.426356286 -0.002305923 -0.004131082 0.999988735 28.629442215
0.999979317 -0.006017304 0.002296199 -0.140934348 0.006012925 0.999980092 0.001908740 -0.441747010 -0.002307639 -0.001894894 0.999995530 30.032463074
0.999975979 -0.006262322 0.002963796 -0.148248956 0.006264633 0.999980092 -0.000771137 -0.467966855 -0.002958908 0.000789686 0.999995351 31.449203491
0.999991000 -0.001825998 0.003831661 -0.153367385 0.001831837 0.999997199 -0.001520871 -0.496644348 -0.003828873 0.001527877 0.999991596 32.854660034
0.999989212 -0.002030025 0.004177060 -0.164343551 0.002043629 0.999992609 -0.003255019 -0.527002096 -0.004170420 0.003263519 0.999985993 34.280677795
0.999991477 -0.000646169 0.004083279 -0.151497006 0.000658545 0.999995112 -0.003030225 -0.550953507 -0.004081300 0.003032888 0.999987125 35.698196411
0.999992013 -0.001166924 0.003808540 -0.156886876 0.001171278 0.999998689 -0.001141376 -0.585076451 -0.003807203 0.001145827 0.999992073 37.127094269
0.999993622 0.000803677 0.003493728 -0.163696334 -0.000802734 0.999999702 -0.000271299 -0.599166155 -0.003493945 0.000268493 0.999993861 38.563808441
0.999988735 0.002818626 0.003806895 -0.174942777 -0.002821283 0.999995828 0.000692540 -0.628670573 -0.003804928 -0.000703273 0.999992549 40.009662628
0.999977112 0.005012250 0.004545020 -0.195292562 -0.005013958 0.999987423 0.000364443 -0.646677554 -0.004543136 -0.000387224 0.999989688 41.401527405
0.999963284 0.007447160 0.004241265 -0.193879679 -0.007449746 0.999972105 0.000594229 -0.672178090 -0.004236722 -0.000625804 0.999990880 42.905975342
0.999956548 0.008534455 0.003751271 -0.193890855 -0.008535910 0.999963522 0.000372193 -0.692028522 -0.003747958 -0.000404197 0.999992907 44.368740082
0.999965429 0.007585088 0.003406720 -0.194477692 -0.007586542 0.999971092 0.000413818 -0.720110774 -0.003403483 -0.000439649 0.999994099 45.803489685
0.999973595 0.006804533 0.002571328 -0.185235471 -0.006804085 0.999976873 -0.000182667 -0.744392693 -0.002572511 0.000165167 0.999996662 47.251049042
0.999982059 0.005816663 0.001393815 -0.186756745 -0.005817052 0.999983013 0.000275711 -0.769580007 -0.001392188 -0.000283814 0.999998987 48.696216583
0.999980688 0.006191031 0.000563655 -0.202414289 -0.006191997 0.999979258 0.001726382 -0.800015509 -0.000552955 -0.001729839 0.999998331 50.166652679
0.999979198 0.006427363 -0.000372473 -0.214717641 -0.006426996 0.999978840 0.000976190 -0.812829018 0.000378740 -0.000973775 0.999999404 51.619327545
0.999980271 0.006105504 -0.001442077 -0.236210257 -0.006102995 0.999979854 0.001738448 -0.835699022 0.001452662 -0.001729612 0.999997437 53.069572449
0.999974608 0.006708979 -0.002370851 -0.242898390 -0.006704113 0.999975443 0.002054140 -0.848556101 0.002384574 -0.002038194 0.999995053 54.550251007
0.999982834 0.005048043 -0.002953667 -0.249600247 -0.005036433 0.999979615 0.003924961 -0.891308844 0.002973420 -0.003910018 0.999987900 56.017726898
0.999988079 0.002791516 -0.004005322 -0.261335850 -0.002777826 0.999990284 0.003419565 -0.894387782 0.004014830 -0.003408399 0.999986112 57.505653381
0.999991238 0.000726377 -0.004138017 -0.278293729 -0.000715665 0.999996424 0.002589764 -0.913065493 0.004139883 -0.002586779 0.999988139 58.977249146
0.999989748 -0.001183944 -0.004363883 -0.290804595 0.001198997 0.999993324 0.003448478 -0.940010428 0.004359771 -0.003453675 0.999984562 60.456363678
0.999993086 -0.000730980 -0.003644314 -0.315346628 0.000744350 0.999992967 0.003668583 -0.953339994 0.003641606 -0.003671270 0.999986649 61.939323425
0.999987304 -0.003490054 -0.003660541 -0.296865672 0.003506497 0.999983728 0.004495139 -0.976289928 0.003644794 -0.004507917 0.999983191 63.405479431
0.999988079 -0.003901389 -0.002920683 -0.309468061 0.003913396 0.999983847 0.004116700 -1.001960635 0.002904576 -0.004128080 0.999987245 64.833099365
0.999964416 -0.007935978 -0.002857937 -0.315841824 0.007946190 0.999961972 0.003579649 -1.025018096 0.002829420 -0.003602231 0.999989629 66.356208801
0.999976099 -0.006657526 -0.001855080 -0.330258638 0.006663484 0.999972582 0.003223495 -1.042145252 0.001833568 -0.003235778 0.999993145 67.827949524
0.999981284 -0.005874957 -0.001666032 -0.330606014 0.005880164 0.999977767 0.003137310 -1.069113970 0.001647564 -0.003147048 0.999993682 69.290756226
0.999996483 -0.002466529 -0.000903191 -0.347214550 0.002470294 0.999988139 0.004191267 -1.094642043 0.000892842 -0.004193483 0.999990761 70.756095886
0.999999702 0.000586288 -0.000460690 -0.354723483 -0.000583615 0.999983072 0.005781832 -1.111442089 0.000464072 -0.005781562 0.999983191 72.196006775
0.999987781 0.004918971 0.000207632 -0.364834547 -0.004920222 0.999966562 0.006530308 -1.138924479 -0.000175503 -0.006531250 0.999978721 73.652954102
0.999950171 0.009907159 0.001183600 -0.393539995 -0.009913943 0.999933600 0.005869771 -1.163143873 -0.001125369 -0.005881213 0.999982059 75.123573303
0.999922872 0.012313898 0.001586742 -0.409359485 -0.012321717 0.999911487 0.005015925 -1.170400262 -0.001524836 -0.005035090 0.999986172 76.598007202
0.999892890 0.014401492 0.002576531 -0.410853922 -0.014414340 0.999883354 0.005039858 -1.199832082 -0.002503648 -0.005076458 0.999983907 78.027931213
0.999898791 0.014048650 0.002239387 -0.405789614 -0.014060135 0.999887586 0.005198327 -1.213558316 -0.002166105 -0.005229287 0.999983907 79.504669189
0.999898672 0.013886978 0.003123510 -0.430267513 -0.013903212 0.999889672 0.005236047 -1.254530191 -0.003050452 -0.005278944 0.999981463 80.931983948
0.999923587 0.012023971 0.002877743 -0.428634733 -0.012035266 0.999919891 0.003939454 -1.246353984 -0.002830144 -0.003973787 0.999988139 82.361305237
0.999931395 0.011629674 0.001349160 -0.407069623 -0.011634471 0.999925852 0.003604031 -1.265468955 -0.001307146 -0.003619480 0.999992549 83.857994080
0.999923527 0.012153840 0.002287104 -0.416044474 -0.012163782 0.999916315 0.004384972 -1.318485856 -0.002233618 -0.004412456 0.999987781 85.232337952
0.999924481 0.012170008 0.001728282 -0.431082249 -0.012176309 0.999918997 0.003683327 -1.340388298 -0.001683316 -0.003704092 0.999991775 86.654884338
0.999922872 0.012366147 0.001152647 -0.446377546 -0.012370917 0.999914467 0.004228602 -1.364082694 -0.001100257 -0.004242535 0.999990344 88.126541138
0.999934733 0.011417162 0.000406304 -0.449589550 -0.011419177 0.999920368 0.005363374 -1.387086391 -0.000345038 -0.005367663 0.999985516 89.542488098
0.999952674 0.009660817 -0.001087496 -0.453870207 -0.009654060 0.999935031 0.006057422 -1.405393481 0.001145945 -0.006046636 0.999981165 90.985992432
0.999968588 0.007473561 -0.002592409 -0.448985159 -0.007456043 0.999949753 0.006703149 -1.422556758 0.002642375 -0.006683610 0.999974191 92.398330688
0.999983490 0.004724326 -0.003251180 -0.468260676 -0.004701558 0.999964595 0.006975290 -1.450306654 0.003284019 -0.006959889 0.999970376 93.806465149
0.999986231 0.003790231 -0.003622260 -0.481831133 -0.003766237 0.999971092 0.006608030 -1.477337599 0.003647201 -0.006594296 0.999971628 95.218566895
0.999988854 0.002799456 -0.003796321 -0.495142698 -0.002776220 0.999977469 0.006112066 -1.490739346 0.003813346 -0.006101459 0.999974132 96.633094788
0.999991357 0.002444316 -0.003376924 -0.513337493 -0.002425296 0.999981284 0.005624789 -1.508694530 0.003390609 -0.005616550 0.999978542 98.002944946
0.999987841 0.003021434 -0.003883858 -0.525135577 -0.003003296 0.999984622 0.004667497 -1.524225831 0.003897900 -0.004655777 0.999981523 99.450759888
0.999986470 0.003440324 -0.003905528 -0.531888068 -0.003424050 0.999985456 0.004166037 -1.548784137 0.003919804 -0.004152608 0.999983668 100.854179382
0.999984145 0.004439577 -0.003459706 -0.551571906 -0.004423795 0.999979854 0.004556087 -1.568838358 0.003479863 -0.004540710 0.999983609 102.232833862
0.999980450 0.004957195 -0.003806177 -0.544630826 -0.004932220 0.999966443 0.006543290 -1.607196927 0.003838485 -0.006524391 0.999971330 103.670707703
0.999975502 0.006416786 -0.002786336 -0.581475437 -0.006396042 0.999952137 0.007391497 -1.610104322 0.002833633 -0.007373493 0.999968767 105.019134521
0.999984562 0.004462030 -0.003288907 -0.585526466 -0.004441192 0.999970138 0.006315773 -1.627449393 0.003316991 -0.006301069 0.999974608 106.408866882
0.999979019 0.005827663 -0.002832795 -0.604155958 -0.005817298 0.999976397 0.003653334 -1.644846320 0.002854019 -0.003636777 0.999989450 107.790786743
0.999980867 0.005650810 -0.002524484 -0.626387477 -0.005645608 0.999981940 0.002062963 -1.658144355 0.002536096 -0.002048671 0.999994695 109.176368713
0.999992549 0.002622329 -0.002835547 -0.623222530 -0.002611702 0.999989569 0.003745293 -1.684154868 0.002845339 -0.003737859 0.999988973 110.566406250
0.999998391 0.000732313 -0.001610773 -0.654664576 -0.000723273 0.999984086 0.005605458 -1.702285051 0.001614852 -0.005604284 0.999983013 111.921356201
0.999998510 -0.001292072 -0.001139514 -0.649179757 0.001299165 0.999979675 0.006245501 -1.720340371 0.001131421 -0.006246974 0.999979794 113.337860107
0.999996364 -0.002452881 -0.001093185 -0.631091475 0.002458826 0.999981999 0.005470698 -1.752594113 0.001079747 -0.005473367 0.999984443 114.728912354
0.999999642 -0.000842334 0.000099398 -0.653564632 0.000842064 0.999996006 0.002683594 -1.754806399 -0.000101659 -0.002683509 0.999996364 116.108322144
0.999998569 0.001094267 0.001277277 -0.668793499 -0.001094846 0.999999225 0.000452813 -1.767585874 -0.001276781 -0.000454211 0.999999046 117.511627197
0.999986649 0.004450296 0.002637196 -0.668428183 -0.004451212 0.999990046 0.000341738 -1.792069197 -0.002635648 -0.000353472 0.999996483 118.870391846
0.999977052 0.005308509 0.004214755 -0.673229337 -0.005318672 0.999983013 0.002403799 -1.809420705 -0.004201923 -0.002426160 0.999988258 120.254577637
0.999973059 0.005296439 0.005084247 -0.675184965 -0.005320217 0.999974847 0.004674591 -1.830324054 -0.005059361 -0.004701514 0.999976158 121.646385193
0.999965489 0.005498725 0.006232925 -0.685546398 -0.005528131 0.999973595 0.004710333 -1.845091343 -0.006206860 -0.004744626 0.999969482 123.026344299
0.999963880 0.005212776 0.006710824 -0.664433718 -0.005243741 0.999975622 0.004604705 -1.864066720 -0.006686658 -0.004639729 0.999966800 124.404891968
0.999936342 0.007505244 0.008430591 -0.671844304 -0.007538112 0.999964058 0.003873607 -1.874596834 -0.008401217 -0.003936911 0.999956965 125.774314880
0.999911070 0.009299590 0.009556775 -0.673216522 -0.009336674 0.999948978 0.003843104 -1.900657892 -0.009520549 -0.003931991 0.999946892 127.153930664
0.999885857 0.010196826 0.011150656 -0.677036107 -0.010222059 0.999945223 0.002208255 -1.909215093 -0.011127532 -0.002321986 0.999935329 128.535568237
0.999863088 0.011501174 0.011896259 -0.674439073 -0.011521334 0.999932230 0.001627378 -1.932227731 -0.011876737 -0.001764216 0.999927938 129.942474365
0.999869108 0.010126784 0.012626673 -0.658663630 -0.010145333 0.999947548 0.001405771 -1.945797563 -0.012611776 -0.001533689 0.999919355 131.317871094
0.999852359 0.010333424 0.013730968 -0.654268682 -0.010367945 0.999943256 0.002445302 -1.967517614 -0.013704920 -0.002587303 0.999902725 132.721878052
0.999842763 0.009287403 0.015105824 -0.647558093 -0.009339421 0.999950707 0.003376687 -1.989972472 -0.015073719 -0.003517236 0.999880195 134.076416016
0.999855876 0.008429416 0.014745967 -0.621130049 -0.008486304 0.999956727 0.003799646 -2.012387037 -0.014713305 -0.003924237 0.999884069 135.506835938
0.999870420 0.006265177 0.014832780 -0.608792543 -0.006325672 0.999971807 0.004035074 -2.036085606 -0.014807083 -0.004128378 0.999881864 136.868118286
0.999879599 0.004932066 0.014712248 -0.596969903 -0.004998211 0.999977529 0.004462446 -2.048662424 -0.014689908 -0.004535444 0.999881923 138.302963257
0.999891102 0.003247171 0.014390909 -0.588104188 -0.003308856 0.999985456 0.004264644 -2.066071510 -0.014376851 -0.004311798 0.999887347 139.691329956
0.999909461 0.002395183 0.013241697 -0.577790856 -0.002447933 0.999989092 0.003968844 -2.083947182 -0.013232045 -0.004000899 0.999904394 141.099288940
0.999926984 0.000149935 0.012082612 -0.562388599 -0.000208824 0.999988079 0.004872693 -2.098721504 -0.012081736 -0.004874860 0.999915063 142.470138550
0.999940515 -0.000673603 0.010884451 -0.547700644 0.000613846 0.999984682 0.005492588 -2.134923220 -0.010887983 -0.005485579 0.999925613 143.893936157
0.999950886 -0.000983077 0.009863178 -0.545272350 0.000930185 0.999985158 0.005365728 -2.143686533 -0.009868306 -0.005356289 0.999936938 145.280014038
0.999962389 -0.000697553 0.008647723 -0.535103619 0.000659365 0.999989986 0.004418002 -2.161646128 -0.008650719 -0.004412135 0.999952793 146.677322388
0.999970853 -0.001695912 0.007448111 -0.530193627 0.001662139 0.999988317 0.004538231 -2.188331127 -0.007455721 -0.004525719 0.999961913 148.057159424
0.999972820 -0.003898291 0.006262088 -0.513856769 0.003885026 0.999990225 0.002129276 -2.208300114 -0.006270325 -0.002104890 0.999978065 149.472198486
0.999939978 -0.009464366 0.005525466 -0.518064201 0.009456428 0.999954283 0.001461282 -2.224662781 -0.005539042 -0.001408943 0.999983609 150.850326538
0.999843597 -0.017158240 0.004285009 -0.494887173 0.017139496 0.999843538 0.004373603 -2.258673191 -0.004359382 -0.004299476 0.999981225 152.266876221
0.999698997 -0.024399858 0.002539916 -0.479854703 0.024385275 0.999686837 0.005623291 -2.266808748 -0.002676328 -0.005559662 0.999980986 153.673339844
0.999614894 -0.027704850 0.001581279 -0.478006840 0.027701402 0.999613881 0.002162982 -2.284346104 -0.001640594 -0.002118346 0.999996424 155.060409546
0.999641120 -0.026729207 0.001776303 -0.469052434 0.026731497 0.999641836 -0.001277391 -2.296921730 -0.001741523 0.001324416 0.999997616 156.478576660
0.999727190 -0.023135375 0.003198276 -0.489660144 0.023144467 0.999728084 -0.002836586 -2.339714050 -0.003131781 0.002909834 0.999990880 157.849822998
0.999737263 -0.022627851 0.003653554 -0.482777923 0.022639601 0.999738574 -0.003207850 -2.364842415 -0.003580012 0.003289722 0.999988198 159.256469727
0.999648333 -0.026155738 0.004364447 -0.474519759 0.026153984 0.999657810 0.000458610 -2.392886400 -0.004374949 -0.000344301 0.999990344 160.660339355
0.999488890 -0.031538397 0.005229920 -0.479681581 0.031522606 0.999498308 0.003074636 -2.411286592 -0.005324266 -0.002908203 0.999981582 162.035720825
0.999374151 -0.035017513 0.005008089 -0.462605178 0.034995191 0.999377370 0.004476946 -2.430147648 -0.005161743 -0.004298886 0.999977529 163.452453613
0.999319136 -0.036583111 0.004772488 -0.444708258 0.036562648 0.999322057 0.004306206 -2.452184200 -0.004926788 -0.004128780 0.999979317 164.848861694
0.999388278 -0.034436483 0.006092646 -0.449273437 0.034407869 0.999396622 0.004739746 -2.468011618 -0.006252190 -0.004527213 0.999970198 166.241485596
0.999502838 -0.030763598 0.006909193 -0.439492732 0.030735858 0.999519348 0.004085450 -2.484556913 -0.007031555 -0.003871060 0.999967694 167.645874023
0.999591291 -0.027530219 0.007713438 -0.436994135 0.027510546 0.999618053 0.002644710 -2.511570692 -0.007783302 -0.002431429 0.999966681 169.072860718
0.999688923 -0.023569031 0.008168535 -0.428017557 0.023559200 0.999721646 0.001297786 -2.528851032 -0.008196848 -0.001104939 0.999965727 170.536483765
0.999717295 -0.022031177 0.008941848 -0.432230085 0.022010650 0.999754906 0.002387065 -2.540482283 -0.008992247 -0.002189575 0.999957085 171.875015259
0.999770701 -0.019248620 0.009381589 -0.442915946 0.019234397 0.999813795 0.001603767 -2.560267687 -0.009410712 -0.001422951 0.999954641 173.256652832
0.999794006 -0.018841235 0.007546453 -0.403351903 0.018843355 0.999822438 -0.000210007 -2.581344128 -0.007541155 0.000352164 0.999971390 174.695556641
0.999871671 -0.013923827 0.007919678 -0.427725226 0.013947682 0.999898314 -0.002964752 -2.630397797 -0.007877594 0.003074832 0.999964237 176.086318970
0.999922276 -0.009712731 0.007804003 -0.433720410 0.009748410 0.999942124 -0.004547101 -2.639876842 -0.007759387 0.004622825 0.999959230 177.528152466
0.999958277 -0.004420720 0.007989838 -0.401541919 0.004444746 0.999985695 -0.002991780 -2.686076641 -0.007976498 0.003027168 0.999963582 178.903396606
0.999965549 -0.001494310 0.008164625 -0.407722026 0.001502956 0.999998271 -0.001053073 -2.717057467 -0.008163037 0.001065308 0.999966085 180.338745117
0.999962807 0.000150749 0.008617061 -0.394762546 -0.000158558 0.999999583 0.000905570 -2.742812634 -0.008616922 -0.000906902 0.999962509 181.763595581
0.999963522 -0.003816404 0.007643965 -0.399190724 0.003801765 0.999990940 0.001928704 -2.748916149 -0.007651255 -0.001899573 0.999968946 183.179107666
0.999965370 -0.006288435 0.005462055 -0.375632107 0.006277798 0.999978364 0.001962377 -2.764947891 -0.005474275 -0.001928019 0.999983191 184.620300293
0.999971926 -0.006347891 0.003981380 -0.386233121 0.006356859 0.999977231 -0.002244181 -2.784258366 -0.003967043 0.002269427 0.999989629 186.048278809
0.999981463 -0.005436513 0.002743888 -0.391022086 0.005453247 0.999966323 -0.006128895 -2.818277359 -0.002710476 0.006143745 0.999977410 187.469161987
0.999998748 -0.000934226 0.001334291 -0.381144226 0.000943249 0.999976456 -0.006777451 -2.839548349 -0.001327928 0.006778700 0.999976039 188.930603027
0.999996603 0.002337219 0.001130675 -0.392558813 -0.002330503 0.999979854 -0.005904491 -2.886630297 -0.001144453 0.005901835 0.999981940 190.433990479
0.999985158 0.005142970 0.001774442 -0.414825499 -0.005138931 0.999984205 -0.002273118 -2.921241283 -0.001786104 0.002263966 0.999995887 191.881469727
0.999972165 0.007082846 0.002302547 -0.419665992 -0.007080563 0.999974430 -0.000997612 -2.930169821 -0.002309554 0.000981282 0.999996841 193.295425415
0.999982774 0.005491473 0.002077155 -0.420915484 -0.005492399 0.999984860 0.000440726 -2.967538118 -0.002074702 -0.000452127 0.999997735 194.811203003
0.999995828 0.002722746 0.000894834 -0.391342521 -0.002723908 0.999995470 0.001299547 -2.991362572 -0.000891291 -0.001301979 0.999998808 196.324295044
0.999997973 0.000944016 0.001801491 -0.413909018 -0.000946683 0.999998450 0.001480409 -3.013048410 -0.001800090 -0.001482111 0.999997199 197.794509888
0.999996364 -0.000915305 0.002540473 -0.430430412 0.000912052 0.999998748 0.001281452 -3.033255100 -0.002541643 -0.001279130 0.999995947 199.202804565
0.999985337 -0.004669083 0.002738619 -0.423309743 0.004661960 0.999985754 0.002601597 -3.060735226 -0.002750727 -0.002588792 0.999992847 200.699859619
0.999962807 -0.007464922 0.004322542 -0.458935380 0.007448000 0.999964595 0.003917691 -3.071027040 -0.004351635 -0.003885351 0.999982893 202.141540527
0.999929965 -0.011309635 0.003465359 -0.409810960 0.011297016 0.999929547 0.003639660 -3.079622746 -0.003506278 -0.003600258 0.999987364 203.644683838
0.999946415 -0.009550867 0.003982319 -0.425514072 0.009552356 0.999954343 -0.000355087 -3.109823942 -0.003978746 0.000393108 0.999992013 205.130477905
0.999987245 -0.001764037 0.004732252 -0.459767789 0.001792619 0.999980152 -0.006042233 -3.122696400 -0.004721499 0.006050638 0.999970496 206.607192993
0.999953628 0.007839148 0.005583479 -0.443644851 -0.007805189 0.999951065 -0.006078400 -3.151691198 -0.005630856 0.006034538 0.999965906 208.131820679
0.999865532 0.015101831 0.006390083 -0.439878136 -0.015086736 0.999883294 -0.002403860 -3.180876493 -0.006425641 0.002307131 0.999976695 209.626754761
0.999831796 0.016651671 0.007688080 -0.456971765 -0.016649473 0.999861300 -0.000349909 -3.207030296 -0.007692843 0.000221847 0.999970376 211.149322510
0.999868989 0.014567529 0.007067293 -0.448358834 -0.014567213 0.999893844 -0.000096639 -3.222934961 -0.007067951 -0.000006325 0.999975026 212.667007446
0.999921143 0.011210113 0.005652613 -0.436106473 -0.011210567 0.999937177 0.000048808 -3.250437021 -0.005651709 -0.000112173 0.999983966 214.175476074
0.999939978 0.009628099 0.005209081 -0.447643280 -0.009624626 0.999953449 -0.000691499 -3.271202326 -0.005215496 0.000641322 0.999986172 215.675292969
0.999946117 0.009526554 0.004121335 -0.428113759 -0.009522269 0.999954104 -0.001058132 -3.301511288 -0.004131226 0.001018830 0.999990940 217.199890137
0.999932706 0.010877388 0.004018077 -0.434578001 -0.010873413 0.999940336 -0.001010139 -3.324645042 -0.004028826 0.000966381 0.999991357 218.723190308
0.999924660 0.011650573 0.003897364 -0.433380932 -0.011651060 0.999932110 0.000102003 -3.352406263 -0.003895912 -0.000147404 0.999992371 220.239730835
0.999937594 0.010620494 0.003490717 -0.434892386 -0.010620761 0.999943554 0.000057463 -3.387050629 -0.003489910 -0.000094533 0.999993980 221.778015137
0.999935627 0.010894496 0.003172738 -0.435459167 -0.010890232 0.999939799 -0.001358785 -3.406060696 -0.003187350 0.001324146 0.999994040 223.320541382
0.999934733 0.010987530 0.003181408 -0.453712523 -0.010980468 0.999937236 -0.002229002 -3.421062231 -0.003205701 0.002193923 0.999992430 224.851257324
0.999942422 0.010390685 0.002653772 -0.440070331 -0.010385817 0.999944329 -0.001841867 -3.459946632 -0.002672762 0.001814199 0.999994755 226.366394043
0.999943674 0.010385666 0.002153249 -0.437940389 -0.010380758 0.999943495 -0.002278346 -3.477892160 -0.002176789 0.002255865 0.999995112 227.915390015
0.999934614 0.011245794 0.002032177 -0.445683062 -0.011241029 0.999934137 -0.002340277 -3.515396595 -0.002058361 0.002317281 0.999995232 229.443374634
0.999914706 0.012883822 0.002068066 -0.465951830 -0.012877145 0.999911964 -0.003210716 -3.534688234 -0.002109250 0.003183811 0.999992788 230.980468750
0.999934077 0.011431457 0.001098411 -0.451842785 -0.011428480 0.999931037 -0.002680200 -3.573940039 -0.001128974 0.002667470 0.999995828 232.539962769
0.999925494 0.012183771 0.000896559 -0.458507627 -0.012181328 0.999922156 -0.002682361 -3.604772091 -0.000929170 0.002671239 0.999996066 234.090866089
0.999932706 0.011570790 0.000815597 -0.460137159 -0.011568440 0.999929011 -0.002831840 -3.630638599 -0.000848306 0.002822215 0.999995649 235.606994629
0.999957263 0.009235407 0.000359948 -0.458792418 -0.009234300 0.999952912 -0.002968398 -3.655709982 -0.000387345 0.002964947 0.999995470 237.185241699
0.999960124 0.008901704 0.000684927 -0.474412352 -0.008899257 0.999954283 -0.003496588 -3.671656847 -0.000716022 0.003490352 0.999993622 238.751861572
0.999978721 0.006475090 0.000729901 -0.474149942 -0.006473856 0.999977648 -0.001680705 -3.722516060 -0.000740767 0.001675943 0.999998331 240.300323486
0.999975026 0.006941218 0.001339433 -0.501064658 -0.006938812 0.999974310 -0.001792512 -3.745559692 -0.001351841 0.001783172 0.999997497 241.853454590
0.999977291 0.006726901 0.000366099 -0.479079962 -0.006726190 0.999975562 -0.001907225 -3.780246258 -0.000378919 0.001904719 0.999998093 243.445709229
0.999969304 0.007813631 0.000580602 -0.478183150 -0.007812092 0.999966085 -0.002605413 -3.807998419 -0.000600940 0.002600797 0.999996364 245.000396729
0.999963462 0.008511505 0.000747266 -0.476785749 -0.008509841 0.999961317 -0.002204940 -3.822292089 -0.000766004 0.002198500 0.999997258 246.573715210
0.999957144 0.009133176 0.001544848 -0.487895697 -0.009132436 0.999958158 -0.000486222 -3.843868017 -0.001549224 0.000472092 0.999998629 248.147796631
0.999962091 0.008484201 0.001916256 -0.490915507 -0.008484866 0.999963880 0.000338796 -3.877320528 -0.001913312 -0.000355042 0.999998093 249.721893311
0.999956369 0.009071132 0.002204645 -0.494319499 -0.009067709 0.999957681 -0.001558021 -3.898910046 -0.002218685 0.001537962 0.999996424 251.304962158
0.999952137 0.009285208 0.003054484 -0.507444680 -0.009278271 0.999954283 -0.002277119 -3.944561720 -0.003075488 0.002248670 0.999992728 252.856826782
0.999944985 0.009762460 0.003831842 -0.513052642 -0.009756665 0.999951184 -0.001527942 -3.977173567 -0.003846572 0.001490472 0.999991536 254.441848755
0.999955058 0.009061155 0.002799284 -0.500953734 -0.009058420 0.999958515 -0.000988391 -3.992586851 -0.002808124 0.000962990 0.999995589 256.027496338
0.999946475 0.009790049 0.003361828 -0.527204692 -0.009787787 0.999951899 -0.000688405 -4.025433064 -0.003368406 0.000655464 0.999994099 257.610687256
0.999948859 0.009764806 0.002623755 -0.511875749 -0.009763303 0.999952137 -0.000585143 -4.052964687 -0.002629344 0.000559496 0.999996305 259.190460205
0.999928713 0.011692299 0.002427515 -0.504392564 -0.011691376 0.999931514 -0.000394408 -4.083054066 -0.002431961 0.000365999 0.999996960 260.797302246
0.999917924 0.012371855 0.003337365 -0.532819688 -0.012369352 0.999923110 -0.000769586 -4.096069336 -0.003346630 0.000728242 0.999994159 262.343048096
0.999905467 0.013378459 0.003185250 -0.538825750 -0.013376533 0.999910295 -0.000625352 -4.126756191 -0.003193330 0.000582685 0.999994755 263.944793701
0.999930918 0.011376690 0.002947421 -0.535979211 -0.011374929 0.999935031 -0.000614022 -4.144158363 -0.002954215 0.000580453 0.999995470 265.529846191
0.999953210 0.009008941 0.003524770 -0.551300228 -0.009012013 0.999958992 0.000856448 -4.175879002 -0.003516910 -0.000888173 0.999993384 267.116546631
0.999972880 0.007056059 0.002081050 -0.516893864 -0.007057439 0.999974906 0.000655884 -4.188891411 -0.002076370 -0.000670553 0.999997616 268.751037598
0.999981999 0.005276946 0.002857258 -0.557108879 -0.005278383 0.999985993 0.000495214 -4.230479717 -0.002854605 -0.000510286 0.999995828 270.337707520
0.999985218 0.004491630 0.003062395 -0.567296088 -0.004489840 0.999989808 -0.000591264 -4.263497829 -0.003065019 0.000577505 0.999995172 271.895751953
0.999994218 0.001603186 0.003005084 -0.558398843 -0.001607703 0.999997556 0.001501070 -4.280152321 -0.003002670 -0.001505893 0.999994278 273.498840332
0.999990582 -0.000686526 0.004284828 -0.588923514 0.000672477 0.999994397 0.003279385 -4.297924042 -0.004287055 -0.003276473 0.999985456 275.080200195
0.999991715 -0.000714856 0.004003599 -0.565701783 0.000706073 0.999997377 0.002194694 -4.320235252 -0.004005157 -0.002191850 0.999989629 276.650085449
0.999989271 -0.001300571 0.004443479 -0.587193906 0.001293368 0.999997795 0.001623444 -4.350854874 -0.004445581 -0.001617680 0.999988735 278.254241943
0.999988198 0.000381922 0.004838432 -0.561476231 -0.000386581 0.999999464 0.000962026 -4.369116783 -0.004838062 -0.000963886 0.999987721 279.787933350
0.999977052 0.002578238 0.006259584 -0.578864157 -0.002583963 0.999996305 0.000906553 -4.397071362 -0.006257223 -0.000922706 0.999979973 281.399932861
0.999971092 0.003851854 0.006551246 -0.564940691 -0.003856205 0.999992311 0.000651632 -4.420262814 -0.006548686 -0.000676877 0.999978364 282.940277100
0.999948740 0.006072250 0.008106941 -0.581026971 -0.006075000 0.999981463 0.000314660 -4.448405743 -0.008104880 -0.000363894 0.999967158 284.549072266
0.999942124 0.005966371 0.008954405 -0.568609297 -0.005969001 0.999982178 0.000267156 -4.474376202 -0.008952650 -0.000320590 0.999959886 286.079528809
0.999926269 0.007279462 0.009720013 -0.559311450 -0.007274081 0.999973416 -0.000588809 -4.496428490 -0.009724040 0.000518061 0.999952674 287.646209717
0.999919236 0.006427720 0.010962368 -0.559226692 -0.006416501 0.999978840 -0.001058168 -4.530748367 -0.010968938 0.000987743 0.999939322 289.221679688
0.999913216 0.006126725 0.011667870 -0.547988057 -0.006118116 0.999980986 -0.000773416 -4.555818558 -0.011672389 0.000701963 0.999931633 290.804321289
0.999915659 0.004083856 0.012328336 -0.533489108 -0.004089097 0.999991596 0.000400030 -4.579814434 -0.012326596 -0.000450408 0.999923944 292.374908447
0.999910057 0.003998685 0.012806270 -0.525325358 -0.004007264 0.999991834 0.000644277 -4.608823776 -0.012803589 -0.000695538 0.999917805 293.946838379
0.999916077 0.003350077 0.012510663 -0.495849460 -0.003328897 0.999992967 -0.001713355 -4.637531281 -0.012516315 0.001671565 0.999920189 295.522521973
0.999924123 0.001871816 0.012170660 -0.481307000 -0.001827452 0.999991596 -0.003655307 -4.672164440 -0.012177400 0.003632790 0.999919236 297.080413818
0.999936461 0.001414779 0.011185355 -0.469276249 -0.001372188 0.999991715 -0.003814480 -4.694828510 -0.011190660 0.003798889 0.999930143 298.692230225
0.999943554 0.000491539 0.010614482 -0.469024003 -0.000438519 0.999987364 -0.004996867 -4.698603630 -0.010616804 0.004991931 0.999931097 300.291503906
0.999949694 0.001335763 0.009941006 -0.461235613 -0.001288393 0.999987781 -0.004770057 -4.750636101 -0.009947255 0.004757009 0.999939203 301.869445801
0.999950051 0.001871804 0.009814324 -0.458271325 -0.001819994 0.999984443 -0.005285263 -4.769038200 -0.009824063 0.005267137 0.999937892 303.460449219
0.999960721 0.002308992 0.008558431 -0.439894497 -0.002271797 0.999987960 -0.004353133 -4.812758923 -0.008568378 0.004333518 0.999953926 305.035369873
0.999974847 0.000783705 0.007052431 -0.403652579 -0.000753134 0.999990284 -0.004336437 -4.831724167 -0.007055760 0.004331016 0.999965727 306.577789307
0.999977946 0.001334957 0.006501626 -0.418058395 -0.001316746 0.999995232 -0.002804461 -4.879014969 -0.006505339 0.002795839 0.999974966 308.226196289
0.999977887 0.002281394 0.006247184 -0.414098084 -0.002270297 0.999995887 -0.001782799 -4.888093948 -0.006251225 0.001768578 0.999978900 309.822265625
0.999965072 0.004041135 0.007312004 -0.431999922 -0.004030721 0.999990821 -0.001438405 -4.934824467 -0.007317751 0.001408882 0.999972165 311.391387939
0.999955595 0.004435452 0.008314003 -0.426822215 -0.004417805 0.999987960 -0.002139753 -4.952882767 -0.008323395 0.002102928 0.999963105 313.001556396
0.999957085 0.003454824 0.008586370 -0.418229073 -0.003439368 0.999992371 -0.001814156 -4.990005970 -0.008592572 0.001784547 0.999961495 314.570434570
0.999959350 0.001795940 0.008833323 -0.403788298 -0.001771429 0.999994516 -0.002781812 -5.016413212 -0.008838271 0.002766051 0.999957085 316.159820557
0.999956250 0.000172069 0.009354338 -0.408594340 -0.000127755 0.999988794 -0.004737660 -5.050544262 -0.009355050 0.004736258 0.999944985 317.769561768
0.999953270 -0.000099330 0.009672926 -0.417933643 0.000154889 0.999983549 -0.005743176 -5.078351021 -0.009672196 0.005744406 0.999936700 319.380981445
0.999972999 0.000141462 0.007341475 -0.402562678 -0.000093166 0.999978364 -0.006578567 -5.120704651 -0.007342246 0.006577705 0.999951363 321.003204346
0.999984205 0.001691711 0.005353675 -0.392074198 -0.001656386 0.999976933 -0.006595892 -5.135089397 -0.005364709 0.006586920 0.999963939 322.621459961
0.999984205 0.002569859 0.005025052 -0.403264463 -0.002556393 0.999993145 -0.002684464 -5.183547974 -0.005031917 0.002671576 0.999983788 324.244049072
0.999983728 0.001077890 0.005594259 -0.400617778 -0.001079347 0.999999404 0.000257312 -5.208486557 -0.005593978 -0.000263346 0.999984324 325.891693115
0.999982059 0.000594232 0.005961836 -0.404691130 -0.000597337 0.999999762 0.000518953 -5.226269722 -0.005961526 -0.000522505 0.999982059 327.498229980
0.999981582 -0.000437452 0.006055981 -0.391450763 0.000440129 0.999999762 -0.000440843 -5.256106853 -0.006055788 0.000443501 0.999981463 329.157653809
0.999978065 -0.001556495 0.006441240 -0.385049105 0.001558602 0.999998689 -0.000322208 -5.286066532 -0.006440731 0.000332241 0.999979198 330.790557861
0.999978781 -0.001566487 0.006321003 -0.365612447 0.001566248 0.999998808 0.000042770 -5.316068172 -0.006321062 -0.000032869 0.999980092 332.418029785
0.999971926 -0.000576557 0.007466584 -0.378763556 0.000578643 0.999999762 -0.000277155 -5.347169876 -0.007466423 0.000281468 0.999971986 334.033599854
0.999965549 0.001235100 0.008209407 -0.380048722 -0.001223173 0.999998152 -0.001457648 -5.371602058 -0.008211192 0.001447556 0.999965131 335.633361816
0.999959767 0.001362548 0.008863067 -0.384417772 -0.001347595 0.999997675 -0.001692974 -5.403185844 -0.008865351 0.001680963 0.999959290 337.306579590
0.999953568 0.000360948 0.009625159 -0.370676041 -0.000364169 0.999999881 0.000332818 -5.440977097 -0.009625036 -0.000336308 0.999953628 338.914672852
0.999950528 -0.000781383 0.009918563 -0.367856115 0.000771364 0.999999166 0.001013931 -5.463170528 -0.009919347 -0.001006230 0.999950290 340.560485840
0.999948621 -0.001340171 0.010045193 -0.369375944 0.001349384 0.999998629 -0.000910424 -5.478295803 -0.010043960 0.000923933 0.999949157 342.168090820
0.999950707 0.000089100 0.009940335 -0.349074185 -0.000083686 0.999999762 -0.000544988 -5.518576145 -0.009940381 0.000544129 0.999950409 343.832458496
0.999947429 0.002077790 0.010036273 -0.355154157 -0.002051783 0.999994516 -0.002600922 -5.554609776 -0.010041622 0.002580194 0.999946177 345.429382324
0.999956131 0.003517003 0.008683622 -0.330380797 -0.003472483 0.999980748 -0.005136768 -5.589281559 -0.008701522 0.005106390 0.999949098 347.098358154
0.999956429 0.004803764 0.008006621 -0.329692751 -0.004766296 0.999977648 -0.004692236 -5.623521805 -0.008028984 0.004653870 0.999956965 348.727844238
0.999958694 0.005669591 0.007103436 -0.320362687 -0.005660491 0.999983132 -0.001300559 -5.654635429 -0.007110690 0.001260297 0.999973893 350.347534180
0.999957621 0.007126995 0.005832443 -0.304601938 -0.007134734 0.999973714 0.001307214 -5.683672905 -0.005822973 -0.001348772 0.999982119 351.967651367
0.999965191 0.007088907 0.004394599 -0.311845392 -0.007091637 0.999974668 0.000605978 -5.718766212 -0.004390193 -0.000637122 0.999990106 353.609039307
0.999973834 0.006626186 0.002906584 -0.315626621 -0.006622196 0.999977112 -0.001380440 -5.735183716 -0.002915665 0.001361156 0.999994814 355.211975098
0.999987125 0.005018397 0.000728502 -0.310989410 -0.005018792 0.999987245 0.000540225 -5.779813290 -0.000725782 -0.000543874 0.999999583 356.809051514
0.999993503 0.003606428 0.000105819 -0.326645672 -0.003606539 0.999992967 0.001060778 -5.815148830 -0.000101992 -0.001061152 0.999999404 358.410583496
0.999993920 0.003433799 -0.000582675 -0.321425289 -0.003433648 0.999994099 0.000260263 -5.836128712 0.000583566 -0.000258261 0.999999940 360.035522461
0.999996603 0.002492595 -0.000786386 -0.331271976 -0.002493259 0.999996543 -0.000844094 -5.856145382 0.000784280 0.000846052 0.999999404 361.661346436
0.999996126 0.002632563 -0.000905829 -0.342997909 -0.002633334 0.999996126 -0.000849872 -5.891849995 0.000903588 0.000852254 0.999999166 363.268920898
0.999998271 0.001541878 -0.001021693 -0.351329863 -0.001542754 0.999998391 -0.000857288 -5.927790165 0.001020369 0.000858863 0.999999106 364.862609863
0.999998510 0.001530593 -0.000818948 -0.357505441 -0.001531904 0.999997556 -0.001602198 -5.949476242 0.000816493 0.001603451 0.999998391 366.493530273
0.999996960 0.002470297 -0.000270315 -0.382266074 -0.002471006 0.999993503 -0.002657292 -5.973503590 0.000263749 0.002657952 0.999996424 368.096618652
0.999999106 0.000991119 -0.000924365 -0.369650275 -0.000993095 0.999997199 -0.002139564 -6.015235424 0.000922242 0.002140479 0.999997258 369.721435547
0.999999344 0.000915328 -0.000719579 -0.378311366 -0.000917267 0.999995947 -0.002699068 -6.050396442 0.000717105 0.002699726 0.999996126 371.313262939
0.999999583 0.000188899 -0.000888398 -0.384051114 -0.000192979 0.999989390 -0.004594304 -6.074699879 0.000887521 0.004594473 0.999989033 372.938720703
0.999999762 -0.000304608 -0.000596632 -0.383377433 0.000303115 0.999996841 -0.002501104 -6.117815971 0.000597392 0.002500923 0.999996722 374.506896973
0.999996960 -0.002436122 -0.000251384 -0.400813252 0.002435608 0.999995053 -0.002026592 -6.141173363 0.000256320 0.002025975 0.999997854 376.145660400
0.999993324 -0.003435095 -0.001256952 -0.390101165 0.003431784 0.999990702 -0.002626827 -6.176577091 0.001265964 0.002622496 0.999995708 377.796325684
0.999998868 -0.001501738 -0.000028626 -0.418955564 0.001501642 0.999994040 -0.003101058 -6.208387852 0.000033283 0.003101011 0.999995232 379.387786865
0.999998927 -0.001260260 -0.000698239 -0.405395716 0.001258907 0.999997318 -0.001933797 -6.244849682 0.000700674 0.001932916 0.999997795 381.024597168
0.999999940 -0.000246062 -0.000010774 -0.425588012 0.000246052 0.999999583 -0.000898910 -6.281167507 0.000010996 0.000898907 0.999999583 382.644226074
0.999999821 -0.000404343 -0.000177688 -0.423387855 0.000404129 0.999999225 -0.001203269 -6.310482025 0.000178174 0.001203197 0.999999225 384.254547119
0.999999881 -0.000197840 0.000276755 -0.441432357 0.000198532 0.999996841 -0.002501050 -6.327655315 -0.000276259 0.002501105 0.999996841 385.869201660
0.999999762 -0.000288307 0.000586262 -0.447372258 0.000289607 0.999997497 -0.002217846 -6.370596409 -0.000585621 0.002218016 0.999997318 387.500701904
0.999999762 0.000315678 0.000473283 -0.449628025 -0.000314394 0.999996305 -0.002711907 -6.396363258 -0.000474138 0.002711757 0.999996245 389.128875732
0.999998093 0.001666891 0.001001481 -0.469488770 -0.001664046 0.999994636 -0.002834508 -6.420516014 -0.001006200 0.002832837 0.999995470 390.762786865
0.999994993 0.002998202 0.001039831 -0.470558345 -0.002995890 0.999993026 -0.002217932 -6.452417374 -0.001046473 0.002214806 0.999996960 392.384490967
0.999987543 0.004648938 0.001819610 -0.482051402 -0.004642773 0.999983490 -0.003377914 -6.481161594 -0.001835283 0.003369424 0.999992609 394.005004883
