1.000000000 0.000000000 0.000000000 0.000000000 0.000000000 0.999961495 0.000000000 -0.000065506 0.000000000 0.000000000 0.999961495 0.000000001
0.999759316 -0.002808355 -0.021759165 -0.016862387 0.002814779 0.999976754 0.000267096 -0.002906914 0.021757910 -0.000328279 0.999743938 0.270833820
0.999054313 -0.004465557 -0.043249927 -0.047442928 0.004477329 0.999970734 0.000177310 -0.007611805 0.043247867 -0.000370787 0.999045014 0.544591248
0.997823656 -0.007027227 -0.065562591 -0.079516694 0.007055936 0.999975026 0.000206360 -0.008955829 0.065559506 -0.000668516 0.997848451 0.822254002
0.995983362 -0.010207373 -0.088954933 -0.122680314 0.010120125 0.999947667 -0.001431797 -0.008142952 0.088964894 0.000525811 0.996034741 1.104951143
0.993411779 -0.017177373 -0.113304913 -0.158598244 0.016885413 0.999851167 -0.003536016 -0.010450613 0.113348790 0.001599519 0.993553936 1.400853515
0.990654707 -0.023326758 -0.134384409 -0.214951709 0.022892796 0.999726474 -0.004773810 -0.015157869 0.134459019 0.001652763 0.990917742 1.697596073
0.987375557 -0.020646917 -0.157045230 -0.288084507 0.020400373 0.999786854 -0.003181793 -0.020736577 0.157077417 -0.000062156 0.987586260 2.002909660
0.983320415 -0.019454584 -0.180838227 -0.366615891 0.019448711 0.999809325 -0.001805788 -0.036995552 0.180838868 -0.001741403 0.983511209 2.314609289
0.978809536 -0.022199158 -0.203565821 -0.445923001 0.021906799 0.999753177 -0.003689687 -0.047083352 0.203597501 -0.000847974 0.979054213 2.628687143
0.973964334 -0.027881213 -0.224980250 -0.528975964 0.026823860 0.999610066 -0.007755596 -0.051715843 0.225108773 0.001518835 0.974332452 2.940930128
0.968733966 -0.034425918 -0.245702252 -0.623451471 0.031964052 0.999390960 -0.014001886 -0.056215838 0.246034667 0.005710462 0.969244182 3.253490686
0.963157892 -0.038657673 -0.266143501 -0.720224261 0.034846477 0.999211431 -0.019029357 -0.067276739 0.266669333 0.009054106 0.963745534 3.575014114
0.958000600 -0.042183224 -0.283646613 -0.832540989 0.036965810 0.999035001 -0.023724059 -0.076319717 0.284373611 0.012242441 0.958635330 3.894675732
0.951558113 -0.046230886 -0.303973585 -0.936826348 0.040611915 0.998867512 -0.024784856 -0.106106855 0.304775149 0.011239276 0.952358127 4.285878658
0.944854319 -0.051737215 -0.323378563 -1.055906415 0.045151751 0.998592079 -0.027839072 -0.115985602 0.324363589 0.011702758 0.945860028 4.627933025
0.938645720 -0.057304814 -0.340088814 -1.201276064 0.049585801 0.998277664 -0.031352419 -0.109980397 0.341299713 0.012565239 0.939870536 4.926015854
0.930707395 -0.067221150 -0.359534562 -1.341019392 0.059414908 0.997696519 -0.032732379 -0.125079468 0.360906690 0.009102549 0.932557464 5.278169632
0.922391117 -0.072802491 -0.379334241 -1.496874332 0.064370967 0.997316241 -0.034881927 -0.147181243 0.380855620 0.007756675 0.924601912 5.623017788
0.913218796 -0.078035332 -0.399927318 -1.666234493 0.068873592 0.996929526 -0.037254449 -0.170757219 0.401606530 0.006477029 0.915789425 6.009405613
0.903917372 -0.079932839 -0.420171469 -1.851080418 0.069325037 0.996772230 -0.040485207 -0.190489873 0.422051400 0.007466884 0.906541228 6.370739460
0.893719971 -0.083232000 -0.440836817 -2.048008919 0.069917500 0.996473372 -0.046393141 -0.214738160 0.443143517 0.010640272 0.896387458 6.747378826
0.883429408 -0.082744904 -0.461200416 -2.264319897 0.065656535 0.996433377 -0.053007048 -0.237259671 0.463941544 0.016547160 0.885711253 7.108633041
0.871515810 -0.086101584 -0.482749075 -2.494139194 0.065633848 0.996087909 -0.059169088 -0.267326981 0.485955089 0.019882103 0.873757601 7.497915745
0.858309209 -0.096269920 -0.504021287 -2.723376751 0.072385199 0.995136619 -0.066808373 -0.302453548 0.508001745 0.020858562 0.861103475 7.877876282
0.845114112 -0.105171837 -0.524138451 -2.979810715 0.077773578 0.994213820 -0.074094482 -0.335408449 0.528898299 0.021854168 0.848403931 8.292846680
0.831997514 -0.110043325 -0.543756008 -3.261940718 0.078563288 0.993622959 -0.080876581 -0.368495196 0.549188375 0.024569867 0.835337341 8.696082115
0.820067406 -0.110985801 -0.561401486 -3.559714556 0.075952157 0.993443251 -0.085450806 -0.414255291 0.567204297 0.027435744 0.823120117 9.105400085
0.810288787 -0.107225478 -0.576137781 -3.885040760 0.068478122 0.993707836 -0.088631116 -0.465684712 0.582016170 0.032363962 0.812532902 9.521935463
0.801231444 -0.105718181 -0.588941276 -4.227080822 0.063833810 0.993753254 -0.091540746 -0.520892501 0.594939828 0.035750955 0.802974761 9.950647354
0.792211711 -0.107619129 -0.600681901 -4.580999851 0.063662842 0.993530691 -0.094040573 -0.577452779 0.606916547 0.036258925 0.793938100 10.407349586
0.783234596 -0.110851020 -0.611764371 -4.950821877 0.065168649 0.993194342 -0.096531048 -0.635461152 0.618301451 0.035738591 0.785128057 10.868679047
0.773688138 -0.115348898 -0.622977793 -5.347261429 0.069053121 0.992781758 -0.098062404 -0.701243341 0.629792392 0.032851156 0.776068568 11.344902039
0.763836503 -0.115242824 -0.635037720 -5.757133961 0.068100818 0.992828012 -0.098259389 -0.774924576 0.641806901 0.031807527 0.766206324 11.841216087
0.755176842 -0.115538083 -0.645258784 -6.186876774 0.065471552 0.992716789 -0.101128384 -0.847778082 0.652243495 0.034123715 0.757241070 12.311002731
0.744938254 -0.119122356 -0.656412065 -6.659206390 0.065279551 0.992223144 -0.105980255 -0.922586918 0.663931906 0.036098465 0.746921241 12.845661163
0.735668838 -0.123430066 -0.666000307 -7.132686615 0.067137741 0.991702259 -0.109631680 -0.992688000 0.674005926 0.035938870 0.737851143 13.343098640
0.724931240 -0.125291482 -0.677330613 -7.632479668 0.066852771 0.991473734 -0.111850217 -1.075668693 0.685569406 0.035802279 0.727126360 13.906700134
0.717505038 -0.125652835 -0.685126185 -8.156712532 0.065207705 0.991392076 -0.113532946 -1.162495494 0.693494320 0.036784954 0.719522357 14.423233986
0.710173368 -0.129394442 -0.692033887 -8.684128761 0.067523144 0.990952253 -0.115992270 -1.258783340 0.700781226 0.035646308 0.712485135 14.984047890
0.706586003 -0.132496238 -0.695112169 -9.236233711 0.066205323 0.990383446 -0.121480145 -1.355405211 0.704523206 0.039816048 0.708563149 15.557826996
0.705478191 -0.134114146 -0.695926666 -9.802944183 0.062992103 0.989911735 -0.126912251 -1.455302119 0.705926716 0.045695961 0.706809282 16.110948563
0.706827283 -0.132446170 -0.694876254 -10.372952461 0.057995945 0.989858687 -0.129677549 -1.568597317 0.705004692 0.051359639 0.707340479 16.687469482
0.709147036 -0.133977011 -0.692214251 -10.988990784 0.058421310 0.989569366 -0.131679222 -1.681187868 0.702636063 0.052939877 0.709577203 17.304206848
0.712950826 -0.133922413 -0.688306630 -11.585781097 0.058195695 0.989506960 -0.132247031 -1.801838279 0.698795021 0.054229129 0.713263452 17.911912918
0.716293812 -0.131142870 -0.685364723 -12.225030899 0.054780640 0.989717782 -0.132127360 -1.922166944 0.695645213 0.057097293 0.716112912 18.571737289
0.721067786 -0.127074093 -0.681111932 -12.854061127 0.050594877 0.990070164 -0.131153062 -2.047790527 0.691014886 0.060109489 0.720336974 19.206964493
0.724976122 -0.122669905 -0.677762270 -13.509047508 0.045704540 0.990411580 -0.130368710 -2.178397894 0.687255919 0.063537404 0.723631322 19.912984848
0.730567276 -0.120284066 -0.672163069 -14.147623062 0.044421248 0.990649641 -0.128996447 -2.307505369 0.681394219 0.064382285 0.729079485 20.583478928
0.734939873 -0.118863896 -0.667633712 -14.812880516 0.043224569 0.990727544 -0.128804564 -2.441031456 0.676753283 0.065805435 0.733263016 21.300186157
0.739145398 -0.117437959 -0.663228869 -15.457617760 0.042972002 0.990898550 -0.127567634 -2.572572947 0.672173798 0.065790758 0.737464547 22.006702423
0.742297351 -0.118115097 -0.659578204 -16.128356934 0.045737837 0.990976989 -0.125986964 -2.699832201 0.668507755 0.063352108 0.741001844 22.744405746
0.744874954 -0.116588935 -0.656938553 -16.769767761 0.043366376 0.990992248 -0.126703188 -2.826275587 0.665793121 0.065888986 0.743221343 23.462415695
0.746293664 -0.120670900 -0.654587150 -17.473688126 0.045075279 0.990333974 -0.131174430 -2.962267637 0.664088845 0.068388961 0.744519293 24.238908768
0.748484731 -0.118394308 -0.652497888 -18.147794724 0.039168999 0.990109026 -0.134722054 -3.096175194 0.661994398 0.075279720 0.745718777 24.988929749
0.750199497 -0.116770715 -0.650818884 -18.830154419 0.038799156 0.990360558 -0.132967874 -3.237117529 0.660072088 0.074501216 0.747498751 25.757591248
0.752312422 -0.116510138 -0.648422241 -19.484146118 0.040173978 0.990519166 -0.131368309 -3.385847569 0.657580376 0.072780341 0.749860704 26.526411057
0.754025578 -0.114111856 -0.646856964 -20.213529587 0.038241528 0.990749896 -0.130200654 -3.523241520 0.655730844 0.073437825 0.751414478 27.322830200
0.754380822 -0.119403914 -0.645486176 -20.905357361 0.043515846 0.990251005 -0.132322475 -3.661171675 0.654993117 0.071732655 0.752222240 28.148424149
0.755489588 -0.122541338 -0.643598497 -21.652215958 0.048015930 0.990066707 -0.132145345 -3.840286016 0.653398752 0.068931460 0.753869057 29.009990692
0.755916476 -0.124177754 -0.642783225 -22.289770126 0.048910122 0.989813924 -0.133701250 -3.959933519 0.652838349 0.069628358 0.754290164 29.759386063
0.757093191 -0.119060501 -0.642366469 -23.041826248 0.044620860 0.990381062 -0.130973741 -4.127374172 0.651781380 0.070496365 0.755123317 30.597951889
0.757298529 -0.116415203 -0.642609000 -23.750076294 0.044941436 0.990940809 -0.126556695 -4.273513794 0.651520610 0.066961437 0.755669892 31.418924332
0.758017182 -0.111951746 -0.642554939 -24.481031418 0.041141093 0.991404235 -0.124197587 -4.419669628 0.650935888 0.067708507 0.756107211 32.251163483
0.757756591 -0.110524140 -0.643109083 -25.201320648 0.039857838 0.991550744 -0.123443663 -4.573317528 0.651318967 0.067907318 0.755759358 33.075088501
0.755897999 -0.113423593 -0.644789219 -25.922117233 0.043493323 0.991402447 -0.123407625 -4.732779980 0.653243005 0.065239571 0.754332364 33.926761627
0.753125489 -0.113618441 -0.647991419 -26.617502213 0.044074286 0.991474569 -0.122619435 -4.885448456 0.656398892 0.063788071 0.751712441 34.738277435
0.749859154 -0.110564262 -0.652293444 -27.351066589 0.043287341 0.992023528 -0.118386842 -5.049370766 0.660179853 0.060537416 0.748663962 35.597152710
0.747560024 -0.110324144 -0.654967606 -28.033496857 0.042703908 0.992051899 -0.118362352 -5.186964035 0.662820041 0.060513292 0.746329427 36.343826294
0.746957839 -0.108953305 -0.655883551 -28.765581131 0.039646551 0.992025435 -0.119640388 -5.333173275 0.663688242 0.063362800 0.745320678 37.148010254
0.746113718 -0.108141564 -0.656977832 -29.436700821 0.037999406 0.992029727 -0.120137639 -5.463612080 0.664733291 0.064671583 0.744276226 37.894111633
0.745552421 -0.103377871 -0.658380270 -30.143653870 0.034341801 0.992542863 -0.116958752 -5.616609573 0.665561616 0.064588904 0.743542850 38.690048218
0.745180905 -0.104792193 -0.658577323 -30.829236984 0.037653681 0.992612302 -0.115338355 -5.744778156 0.665798604 0.061150089 0.743621528 39.437278748
0.745749950 -0.105464265 -0.657825530 -31.534429550 0.039654400 0.992666960 -0.114192344 -5.875895977 0.665044785 0.059073251 0.744463384 40.212223053
0.747052431 -0.101992838 -0.656894326 -32.248649597 0.035839301 0.992902279 -0.113404967 -6.012311935 0.663798451 0.061176825 0.745405257 41.004936218
0.747322798 -0.102806911 -0.656459808 -32.887653351 0.038275216 0.992978096 -0.111935385 -6.132005215 0.663357794 0.058525741 0.746010125 41.722789764
0.747365594 -0.105598763 -0.655967653 -33.483760834 0.042061131 0.992828250 -0.111905500 -6.263114929 0.663080335 0.056043576 0.746447265 42.396617889
0.746949792 -0.105927072 -0.656388223 -34.065818787 0.042948976 0.992852688 -0.111350648 -6.380536079 0.663491905 0.054982133 0.746160448 43.054069519
0.746446371 -0.105612427 -0.657011211 -34.626865387 0.043589272 0.992964983 -0.110093094 -6.489950657 0.664016306 0.053539962 0.745798767 43.680370331
0.745899200 -0.104117163 -0.657870770 -35.165798187 0.043048602 0.993177533 -0.108375266 -6.599474430 0.664666116 0.052516606 0.745292485 44.274478912
0.745288491 -0.105672874 -0.658314705 -35.690235138 0.045229793 0.993098915 -0.108207189 -6.703685760 0.665206194 0.050870135 0.744924843 44.843429565
0.744512141 -0.107364155 -0.658919215 -36.160503387 0.044913094 0.992802739 -0.111019820 -6.795754910 0.666096330 0.053061508 0.743975878 45.385295868
0.744175732 -0.106513917 -0.659437060 -36.626522064 0.042677518 0.992769539 -0.112192966 -6.888437748 0.666619062 0.055348158 0.743340790 45.891056061
0.743839800 -0.104486212 -0.660140157 -37.085277557 0.038934518 0.992801249 -0.113268368 -6.986045837 0.667222977 0.058551285 0.742553174 46.386192322
0.743169010 -0.106914841 -0.660506725 -37.548797607 0.039545197 0.992444098 -0.116150580 -7.079072952 0.667934120 0.060199652 0.741781592 46.882778168
0.741713464 -0.108710803 -0.661848187 -37.961692810 0.041433644 0.992319226 -0.116558336 -7.165707111 0.669435918 0.059030101 0.740520775 47.355625153
0.741198897 -0.107348226 -0.662646592 -38.379493713 0.040928259 0.992521167 -0.115007617 -7.244442940 0.670036495 0.058122545 0.740049064 47.823631287
0.741371632 -0.102549508 -0.663213074 -38.814903259 0.035862215 0.992897570 -0.113438532 -7.332832336 0.670135796 0.060315829 0.739783704 48.296882629
0.741670549 -0.099686623 -0.663315415 -39.234905243 0.033005882 0.993120730 -0.112346798 -7.417872906 0.669951797 0.061430998 0.739858687 48.725498199
0.741203427 -0.099773832 -0.663824141 -39.630786896 0.032544531 0.993070722 -0.112921998 -7.493590355 0.670491040 0.062094316 0.739314616 49.164535522
0.742001355 -0.098234616 -0.663162053 -40.056961060 0.031230453 0.993197024 -0.112179659 -7.573844910 0.669670582 0.062526591 0.740021348 49.625511169
0.742790699 -0.097051181 -0.662452340 -40.444633484 0.030810017 0.993344784 -0.110981397 -7.655591011 0.668814480 0.062025774 0.740837336 50.053676605
0.744202673 -0.093213201 -0.661417961 -40.837219238 0.029486382 0.993834138 -0.106883466 -7.735060215 0.667302787 0.060040131 0.742362559 50.465476990
0.744244754 -0.090229370 -0.661784232 -41.214748383 0.029807484 0.994332731 -0.102048315 -7.795166969 0.667241395 0.056222800 0.742716610 50.898834229
0.744801104 -0.088431008 -0.661400914 -41.582035065 0.031258233 0.994715393 -0.097796246 -7.862625599 0.666553855 0.052164543 0.743629515 51.307357788
0.745404959 -0.082945235 -0.661431491 -41.956943512 0.025459129 0.995046973 -0.096090138 -7.928986073 0.666125655 0.054786600 0.743824720 51.705650330
0.746125460 -0.077891253 -0.661233485 -42.335994720 0.019344140 0.995250106 -0.095409743 -7.993805885 0.665524185 0.058396649 0.744088352 52.118289948
0.746308804 -0.078397498 -0.660966635 -42.702663422 0.018958241 0.995140076 -0.096627839 -8.059829712 0.665329695 0.059583448 0.744168222 52.513168335
0.744974911 -0.085157841 -0.661634743 -43.063598633 0.023724034 0.994573414 -0.101297416 -8.118599892 0.666670501 0.059767395 0.742952406 52.936618805
0.744621634 -0.090453617 -0.661329508 -43.427894592 0.029847374 0.994296670 -0.102388762 -8.176678658 0.666819096 0.056501940 0.743074596 53.355693817
0.746745706 -0.086316928 -0.659484804 -43.808704376 0.026575962 0.994623482 -0.100089274 -8.240672112 0.664578438 0.057214804 0.745024741 53.777416229
0.750173867 -0.079555608 -0.656437397 -44.208366394 0.020310454 0.995039880 -0.097381145 -8.295805931 0.660928607 0.059720259 0.748068810 54.192447662
0.752912581 -0.074175641 -0.653927028 -44.591545105 0.018491656 0.995620191 -0.091643482 -8.362779617 0.657860696 0.056907341 0.750986516 54.633838654
0.757128417 -0.072978444 -0.649176955 -44.966857910 0.022636816 0.996074617 -0.085574500 -8.428109169 0.652873755 0.050095599 0.755808413 55.080879211
0.760933816 -0.074222893 -0.644570112 -45.349952698 0.026906131 0.996190548 -0.082948849 -8.486371040 0.648271382 0.045775700 0.760032058 55.546573639
0.763938785 -0.077976592 -0.640560091 -45.725875854 0.032084700 0.996034265 -0.082984574 -8.546463966 0.644490600 0.042842954 0.763410985 56.006317139
0.766647458 -0.081873067 -0.636826873 -46.111377716 0.037209537 0.995835125 -0.083233707 -8.605340004 0.640989184 0.040114887 0.766500950 56.485504150
0.770915091 -0.080555618 -0.631823361 -46.507179260 0.037583992 0.995994806 -0.081128538 -8.663903236 0.635828197 0.038796764 0.770855010 56.956207275
0.773889005 -0.080765240 -0.628150225 -46.911033630 0.037926540 0.995965183 -0.081331566 -8.715636253 0.632184625 0.039118044 0.773829639 57.458602905
0.777067423 -0.080255345 -0.624279797 -47.300037384 0.037154783 0.995956838 -0.081788801 -8.778126717 0.628319800 0.040360428 0.776907444 57.950477600
0.779703498 -0.083189897 -0.620598137 -47.718471527 0.040051382 0.995731354 -0.083156191 -8.837145805 0.624866664 0.039981365 0.779707015 58.463882446
0.781816483 -0.086996257 -0.617409706 -48.120067596 0.044106793 0.995454192 -0.084412940 -8.893852234 0.621946692 0.038763460 0.782099605 58.971878052
0.782755196 -0.089155741 -0.615910232 -48.533565521 0.047128819 0.995335162 -0.084183544 -8.954718590 0.620542586 0.036867984 0.783305585 59.513664246
0.784280777 -0.087792702 -0.614162982 -48.950832367 0.047497023 0.995528340 -0.081654429 -9.018788338 0.618585229 0.034869079 0.784943640 60.042572021
0.785186470 -0.083890133 -0.613550842 -49.373939514 0.046236552 0.995957971 -0.077005424 -9.075818062 0.617530882 0.032095138 0.785891533 60.596519470
0.785635531 -0.082625553 -0.613147497 -49.802913666 0.046923283 0.996145189 -0.074113436 -9.138155937 0.616907537 0.029455252 0.786484241 61.134639740
0.784880996 -0.082155101 -0.614176035 -50.222515106 0.047205620 0.996218979 -0.072932974 -9.194501877 0.617845893 0.028251121 0.785791457 61.722919464
0.784403503 -0.082690313 -0.614714086 -50.659633636 0.047906734 0.996189833 -0.072874598 -9.251282692 0.618398011 0.027714137 0.785376251 62.272876740
0.781963289 -0.083960742 -0.617643952 -51.104503632 0.049519312 0.996122479 -0.072716519 -9.322566986 0.621354282 0.026276344 0.783088982 62.874198914
0.779796183 -0.086555220 -0.620020986 -51.558021545 0.051285125 0.995899320 -0.074527062 -9.379088402 0.623929262 0.026318073 0.781037509 63.424243927
0.776025057 -0.087074071 -0.624662399 -52.036457062 0.052213691 0.995893657 -0.073955774 -9.447015762 0.628536880 0.024775613 0.777384996 64.015655518
0.772237182 -0.086051293 -0.629479706 -52.484180450 0.052413337 0.996036589 -0.071860477 -9.509227753 0.633168578 0.022500200 0.773686767 64.558563232
0.768850803 -0.080699787 -0.634315312 -52.966251373 0.049565729 0.996540904 -0.066704988 -9.567554474 0.637504220 0.019845881 0.770191252 65.109169006
0.763474226 -0.076872110 -0.641247034 -53.460422516 0.047780693 0.996893108 -0.062618546 -9.639980316 0.644068420 0.017168414 0.764775097 65.700233459
0.757089496 -0.079213150 -0.648491263 -53.931308746 0.050502896 0.996747911 -0.062792428 -9.695709229 0.651356339 0.014788805 0.758627772 66.251731873
0.751146138 -0.080839820 -0.655167580 -54.429935455 0.051327929 0.996621072 -0.064123884 -9.749855042 0.658137441 0.014538029 0.752757311 66.744590759
0.740628779 -0.084432185 -0.666588426 -54.917922974 0.052310709 0.996307909 -0.068074428 -9.813635826 0.669875026 0.015548166 0.742311001 67.329788208
0.731820047 -0.083176479 -0.676402986 -55.413890839 0.048526473 0.996364594 -0.070019566 -9.874721527 0.679767966 0.018418280 0.733195841 67.827919006
0.720453203 -0.083106071 -0.688506007 -55.921005249 0.048413042 0.996398807 -0.069610804 -9.938572884 0.691811621 0.016818661 0.721882105 68.352142334
0.709747016 -0.080432415 -0.699849784 -56.413433075 0.048233569 0.996677577 -0.065630592 -9.995276451 0.702803433 0.012824865 0.711268485 68.839210510
0.698601007 -0.075637370 -0.711502433 -56.937355042 0.045761887 0.997084320 -0.061064500 -10.055107117 0.714046597 0.010100021 0.700025320 69.329734802
0.686544180 -0.069997050 -0.723710895 -57.470397949 0.041214444 0.997501314 -0.057380117 -10.120565414 0.725919008 0.009566646 0.687713623 69.821586609
0.674117625 -0.067912944 -0.735495269 -57.997795105 0.038312647 0.997638583 -0.057002883 -10.175951004 0.737629712 0.010247875 0.675127625 70.287384033
0.660432160 -0.071563251 -0.747467935 -58.548511505 0.039823405 0.997385383 -0.060304247 -10.231708527 0.749829054 0.010060144 0.661555052 70.754165649
0.647838950 -0.074910834 -0.758085132 -59.081596375 0.038617395 0.997103214 -0.065528236 -10.283007622 0.760797918 0.013176462 0.648855031 71.191360474
0.636295140 -0.076435938 -0.767649651 -59.650440216 0.035069704 0.996916592 -0.070195548 -10.341930389 0.770648122 0.017743837 0.637013793 71.642707825
0.627136707 -0.073456623 -0.775437832 -60.196197510 0.028996164 0.997054815 -0.070999555 -10.401364326 0.778369248 0.022041705 0.627419651 72.070846558
0.620670259 -0.067366123 -0.781172276 -60.776195526 0.024664044 0.997486651 -0.066423975 -10.460743904 0.783683658 0.021960525 0.620771766 72.503616333
0.617195010 -0.057865590 -0.784679413 -61.388038635 0.019309064 0.998105645 -0.058416840 -10.511810303 0.786573172 0.020903161 0.617143095 72.959053040
0.617852151 -0.052177083 -0.784561157 -61.974800110 0.019059107 0.998496592 -0.051395498 -10.575057983 0.786063373 0.016801780 0.617917597 73.404640198
0.620441258 -0.051397908 -0.782566786 -62.552425385 0.018360639 0.998528540 -0.051025134 -10.628967285 0.784037828 0.017289678 0.620472014 73.861267090
0.625615478 -0.054787338 -0.778205395 -63.109153748 0.018416116 0.998290062 -0.055476677 -10.681230545 0.779914081 0.020375550 0.625554681 74.311386108
0.633574545 -0.058117751 -0.771495700 -63.688713074 0.018325847 0.998022258 -0.060132559 -10.726647377 0.773464561 0.023960145 0.633386493 74.781135559
0.642177522 -0.059923101 -0.764210165 -64.238357544 0.020650502 0.997930408 -0.060896598 -10.765683174 0.766277730 0.023325102 0.642085969 75.270584106
0.655037284 -0.056931697 -0.753448606 -64.826866150 0.020297905 0.998123407 -0.057772975 -10.832152367 0.755323887 0.022550022 0.654963553 75.753631592
0.666843891 -0.055391863 -0.743135810 -65.385490417 0.022915384 0.998286188 -0.053847417 -10.883111000 0.744844973 0.018878581 0.666970372 76.263870239
0.678073764 -0.056300946 -0.732834280 -65.947105408 0.027395751 0.998305023 -0.051347453 -10.927007675 0.734482944 0.014740821 0.678466916 76.793281555
0.689543605 -0.054954868 -0.722156227 -66.507102966 0.029931109 0.998427391 -0.047399234 -10.974005699 0.723625362 0.011068906 0.690104187 77.325172424
0.700943708 -0.050447319 -0.711430192 -67.041328430 0.030576110 0.998703778 -0.040692385 -11.019738197 0.712560773 0.006770306 0.701577663 77.877685547
0.711907327 -0.043276884 -0.700938642 -67.603515625 0.028837953 0.999059081 -0.032393992 -11.053516388 0.701681077 0.002847891 0.712485433 78.440620422
0.721533597 -0.040995326 -0.691164613 -68.144119263 0.032729320 0.999149084 -0.025095526 -11.099727631 0.691605270 -0.004514081 0.722261488 79.016189575
0.728931069 -0.040362582 -0.683396161 -68.707061768 0.035516154 0.999145746 -0.021128688 -11.130751610 0.683665037 -0.008870243 0.729741931 79.610824585
0.733477890 -0.045054380 -0.678218484 -69.222389221 0.041513395 0.998907387 -0.021462109 -11.159306526 0.678444386 -0.012413169 0.734546840 80.202384949
0.737006783 -0.045960151 -0.674320936 -69.768753052 0.041989326 0.998871624 -0.022188062 -11.178716660 0.674579799 -0.011961525 0.738104880 80.814033508
0.740720451 -0.041024331 -0.670559645 -70.332107544 0.040446222 0.999046385 -0.016442781 -11.205537796 0.670594811 -0.014942104 0.741673410 81.421783447
0.742297888 -0.034181084 -0.669197679 -70.898681641 0.039464727 0.999194562 -0.007260881 -11.230362892 0.668906868 -0.021019969 0.743049026 82.064941406
0.745495975 -0.032273624 -0.665728211 -71.477035522 0.042762734 0.999085069 -0.000547741 -11.244820595 0.665136933 -0.028060021 0.746194065 82.694679260
0.747631013 -0.034246456 -0.663230658 -72.052734375 0.045133144 0.998980761 -0.000706548 -11.260277748 0.662578881 -0.029405452 0.748414695 83.345153809
0.750230551 -0.036725294 -0.660155594 -72.620109558 0.047106497 0.998887777 -0.002035450 -11.277565002 0.659496129 -0.029570559 0.751126111 83.993652344
0.752894878 -0.035009585 -0.657209039 -73.216926575 0.047010414 0.998894155 0.000643664 -11.282042503 0.656459808 -0.031380273 0.753708124 84.666725159
0.755973577 -0.029736076 -0.653926432 -73.804298401 0.046750396 0.998869300 0.008624223 -11.287851334 0.652930796 -0.037091009 0.756508827 85.336997986
0.759467483 -0.022201229 -0.650166273 -74.408592224 0.046044733 0.998745441 0.019681282 -11.297170639 0.648913741 -0.044884034 0.759536922 86.029106140
0.763718545 -0.017710887 -0.645306349 -75.008621216 0.042972498 0.998801172 0.023445060 -11.291523933 0.644117475 -0.045635857 0.763564050 86.714141846
0.768056870 -0.018372906 -0.640118003 -75.606796265 0.044863172 0.998676181 0.025165491 -11.292968750 0.638808250 -0.048046250 0.767864287 87.405670166
0.771727204 -0.016914288 -0.635728717 -76.198173523 0.043615043 0.998700202 0.026373843 -11.269496918 0.634456336 -0.048080742 0.771461904 88.129646301
0.775864065 -0.013520071 -0.630755246 -76.786972046 0.042756636 0.998598695 0.031188350 -11.260470390 0.629449606 -0.051166888 0.775354862 88.852836609
0.779795468 -0.011668966 -0.625925601 -77.384674072 0.045120470 0.998273671 0.037601799 -11.247702599 0.624406099 -0.057563767 0.778975964 89.573234558
0.782998204 -0.013760393 -0.621871710 -77.962402344 0.048927967 0.998020053 0.039521601 -11.233412743 0.620096564 -0.061372269 0.782121241 90.314491272
0.786239624 -0.018041277 -0.617658317 -78.542366028 0.053225998 0.997835875 0.038607348 -11.214033127 0.615625083 -0.063230105 0.785498381 91.061256409
0.788937628 -0.019577179 -0.614161193 -79.125152588 0.054962777 0.997734249 0.038799878 -11.193497658 0.612010062 -0.064366698 0.788226128 91.809745789
0.790491283 -0.018808514 -0.612184405 -79.708953857 0.055339139 0.997633398 0.040806506 -11.169796944 0.609968126 -0.066134945 0.789661348 92.571838379
0.792393029 -0.014675613 -0.609834373 -80.295974731 0.054826695 0.997377872 0.047237668 -11.149868965 0.607542098 -0.070866004 0.791119933 93.315437317
0.793590963 -0.011470361 -0.608343482 -80.886268616 0.054303072 0.997167647 0.052037325 -11.120886803 0.606023371 -0.074331284 0.791966140 94.072708130
0.794086814 -0.013641209 -0.607651174 -81.466598511 0.057683423 0.996927023 0.053001381 -11.093606949 0.605060935 -0.077139102 0.792433441 94.837478638
0.793879509 -0.015434202 -0.607879102 -82.057395935 0.058929231 0.996925116 0.051648360 -11.058196068 0.605212927 -0.076824427 0.792347968 95.602760315
0.793583393 -0.016217839 -0.608245313 -82.658645630 0.058540531 0.997042418 0.049793925 -11.021430969 0.605638802 -0.075122640 0.792185724 96.367515564
0.792907119 -0.016817167 -0.609110296 -83.259941101 0.061491489 0.996724367 0.052527353 -10.988903046 0.606231868 -0.079104424 0.791344106 97.146194458
0.790990293 -0.016619734 -0.611603081 -83.851043701 0.065968804 0.996119976 0.058249280 -10.954171181 0.608261824 -0.086421333 0.789017558 97.924354553
0.788924336 -0.016000433 -0.614282131 -84.463973999 0.069163218 0.995620906 0.062893227 -10.912424088 0.610585570 -0.092103720 0.786576271 98.706214905
0.786379337 -0.016415946 -0.617525756 -85.081222534 0.071342885 0.995371342 0.064390190 -10.871915817 0.613610446 -0.094691165 0.783910573 99.480148315
0.783036292 -0.018540371 -0.621699750 -85.698822021 0.074271262 0.995190859 0.063866653 -10.817891121 0.617525876 -0.096184328 0.780647457 100.262634277
0.778571904 -0.020664636 -0.627215087 -86.341720581 0.077800177 0.994925857 0.063795082 -10.766236305 0.622714281 -0.098466516 0.776228845 101.054992676
0.773484290 -0.016829150 -0.633592010 -86.989410400 0.076529235 0.994813502 0.067002580 -10.720510483 0.629178286 -0.100313775 0.770760596 101.844055176
0.768811405 -0.017148782 -0.639245570 -87.665031433 0.078373231 0.994631112 0.067575797 -10.674170494 0.634654820 -0.102052778 0.766027808 102.638511658
0.763938487 -0.017593898 -0.645049155 -88.320854187 0.080394767 0.994434953 0.068088844 -10.623604774 0.640261412 -0.103874281 0.761101484 103.418510437
0.759782791 -0.015219154 -0.649998784 -89.027633667 0.079353891 0.994422674 0.069473132 -10.571255684 0.645316184 -0.104364432 0.756753027 104.208213806
0.755229652 -0.014552080 -0.655298650 -89.705299377 0.081040628 0.994155705 0.071322083 -10.514714241 0.650430977 -0.106970377 0.751995265 105.000000000
0.750768065 -0.017937209 -0.660322368 -90.408218384 0.086368322 0.993715465 0.071204789 -10.459696770 0.654895246 -0.110489227 0.747599125 105.796020508
0.746524274 -0.021258252 -0.665018499 -91.126182556 0.088383235 0.993800461 0.067447394 -10.405717850 0.659461856 -0.109127581 0.743774951 106.599632263
0.742879093 -0.024208954 -0.668987632 -91.853950500 0.090747818 0.993762910 0.064809412 -10.352053642 0.663246155 -0.108854733 0.740442574 107.404678345
0.739929676 -0.026305927 -0.672169626 -92.580749512 0.092355505 0.993745327 0.062774613 -10.298002243 0.666314065 -0.108527362 0.737731218 108.209976196
0.737937391 -0.027556714 -0.674306273 -93.319404602 0.095798656 0.993325353 0.064244732 -10.251388550 0.668035150 -0.112006232 0.735651791 109.023582458
0.736070037 -0.028524509 -0.676304102 -94.071105957 0.101003140 0.992555022 0.068065897 -10.197040558 0.669327438 -0.118410096 0.733471155 109.836845398
0.733449757 -0.030565238 -0.679056108 -94.827651978 0.104616702 0.992161930 0.068338118 -10.141322136 0.671644807 -0.121163197 0.730898559 110.667007446
0.731983185 -0.033194158 -0.680513740 -95.599166870 0.102771997 0.992763400 0.062119868 -10.091333389 0.673527062 -0.115408435 0.730097473 111.483825684
0.731733084 -0.034739580 -0.680705428 -96.362487793 0.099540614 0.993439317 0.056302629 -10.039167404 0.674283624 -0.108956344 0.730390429 112.291748047
0.732167482 -0.031621777 -0.680390298 -97.139518738 0.095344968 0.993844628 0.056410775 -9.988380432 0.674418449 -0.106173918 0.730675697 113.110954285
0.732912958 -0.025546789 -0.679842532 -97.934104919 0.090827495 0.994023263 0.060564853 -9.942913055 0.674231946 -0.106137164 0.730852962 113.947792053
0.733970106 -0.023140945 -0.678787351 -98.733848572 0.089486212 0.994001508 0.062873997 -9.899541855 0.673260689 -0.106889740 0.731638193 114.797119141
0.735160530 -0.026158569 -0.677388072 -99.492424011 0.092375904 0.993799746 0.061877012 -9.848057747 0.671569407 -0.108063884 0.733018875 115.632987976
0.736277163 -0.031245193 -0.675958276 -100.283401489 0.091052301 0.994423389 0.053211551 -9.807497978 0.670526147 -0.100726008 0.735016286 116.479644775
0.737576425 -0.034926999 -0.674359798 -101.051544189 0.086965747 0.995257914 0.043570980 -9.767709732 0.669640183 -0.090783119 0.737116337 117.310966492
0.739104629 -0.038601961 -0.672483683 -101.853744507 0.086403765 0.995542049 0.037817352 -9.740726471 0.668026090 -0.086056091 0.739145160 118.173530579
0.740385234 -0.039904449 -0.670997202 -102.598922729 0.087696478 0.995438576 0.037566070 -9.715964317 0.666437507 -0.086657457 0.740507543 119.008979797
0.741437912 -0.042796753 -0.669655323 -103.406524658 0.091801994 0.995050073 0.038050279 -9.685450554 0.664712071 -0.089687601 0.741696715 119.895706177
0.742217243 -0.044565827 -0.668675780 -104.194351196 0.095570832 0.994626999 0.039791990 -9.666351318 0.663309574 -0.093440220 0.742488444 120.774772644
0.742820561 -0.050911378 -0.667551935 -104.979278564 0.099570245 0.994416356 0.034957159 -9.643325806 0.662044823 -0.092435203 0.743742168 121.655860901
0.743390322 -0.054821648 -0.666607440 -105.781944275 0.100038163 0.994538128 0.029770430 -9.627010345 0.661334336 -0.088817231 0.744814396 122.535850525
0.744241416 -0.052779883 -0.665822148 -106.587738037 0.098013394 0.994711280 0.030706236 -9.618573189 0.660679936 -0.088112332 0.745478570 123.407897949
0.744945824 -0.047800969 -0.665410221 -107.367759705 0.094197825 0.994973361 0.033981413 -9.599024773 0.660441101 -0.087994508 0.745704055 124.298957825
0.746118903 -0.044707533 -0.664309978 -108.189575195 0.089789480 0.995385110 0.033858307 -9.581701279 0.659730613 -0.084910385 0.746689916 125.189987183
0.746339798 -0.041107319 -0.664294302 -108.965843201 0.087284803 0.995515883 0.036461450 -9.556294441 0.659816742 -0.085195430 0.746581137 126.059555054
0.746842742 -0.039577667 -0.663821936 -109.782234192 0.087056346 0.995455503 0.038594063 -9.536532402 0.659277737 -0.086613595 0.746894181 126.965827942
0.747024417 -0.042381581 -0.663444221 -110.557212830 0.087613061 0.995537639 0.035054415 -9.524499893 0.658998072 -0.084312879 0.747403979 127.834770203
0.747023165 -0.047443353 -0.663103044 -111.346412659 0.087720692 0.995763302 0.027577974 -9.505744934 0.658985198 -0.078769237 0.748019934 128.721832275
0.747117817 -0.052353468 -0.662626624 -112.147964478 0.089156136 0.995778024 0.021848962 -9.489520073 0.658685088 -0.075400978 0.748631060 129.605468750
0.746621788 -0.053351939 -0.663105786 -112.939949036 0.091492869 0.995541930 0.022917116 -9.479789734 0.658927143 -0.077779867 0.748174667 130.517364502
0.746891260 -0.051535312 -0.662946105 -113.737945557 0.088603608 0.995814681 0.022411512 -9.483046532 0.659016609 -0.075478360 0.748331666 131.400817871
0.747194767 -0.055244423 -0.662305176 -114.549186707 0.087048508 0.996089280 0.015119631 -9.469238281 0.658879697 -0.068949975 0.749081612 132.306579590
0.747615993 -0.060619287 -0.661358654 -115.361289978 0.085058860 0.996364236 0.004827158 -9.485065460 0.658661604 -0.059863288 0.750054181 133.211273193
0.748245597 -0.064625911 -0.660266519 -116.158218384 0.084969677 0.996382773 -0.001232761 -9.496776581 0.657957852 -0.055180214 0.751030326 134.116256714
0.748560667 -0.065947339 -0.659778655 -116.955177307 0.087832548 0.996135294 0.000084159 -9.511150360 0.657223165 -0.058013033 0.751460016 135.021972656
0.748613656 -0.067929633 -0.659517348 -117.741325378 0.093621291 0.995600998 0.003722970 -9.538606644 0.656363189 -0.064531930 0.751680017 135.938629150
0.748619199 -0.069425404 -0.659355283 -118.540740967 0.096742131 0.995296717 0.005041496 -9.552824974 0.655904174 -0.067561604 0.751814604 136.859481812
0.749074817 -0.073001139 -0.658451021 -119.332229614 0.099448606 0.995038748 0.002817962 -9.569000244 0.654978573 -0.067592911 0.752618372 137.755569458
0.749396265 -0.073514730 -0.658027947 -120.124984741 0.097540468 0.995231569 -0.000102902 -9.588272095 0.654897749 -0.064107239 0.752993464 138.688522339
0.750722647 -0.072404198 -0.656637728 -120.925949097 0.093852095 0.995583117 -0.002478521 -9.621111870 0.653916895 -0.059766144 0.754202068 139.596054077
0.751969576 -0.068384163 -0.655640960 -121.743240356 0.089391202 0.995995700 -0.001358729 -9.638779640 0.653108537 -0.057586830 0.755071461 140.495468140
0.753004968 -0.063158751 -0.654976726 -122.528938293 0.087450884 0.996158719 0.004480781 -9.654307365 0.652177751 -0.060652338 0.755635858 141.401458740
0.754575014 -0.061182093 -0.653355420 -123.325309753 0.087372638 0.996146500 0.007626619 -9.671401978 0.650371134 -0.062840253 0.757012904 142.321640015
0.756791174 -0.062522680 -0.650659800 -124.119476318 0.086165212 0.996270776 0.004487075 -9.675162315 0.647952795 -0.059460018 0.759356201 143.224456787
0.757757008 -0.068893090 -0.648889840 -124.893272400 0.090984404 0.995852113 0.000518945 -9.680418968 0.646162629 -0.059432082 0.760882139 144.150344849
0.759110451 -0.071058512 -0.647071838 -125.683784485 0.091887332 0.995768130 -0.001553386 -9.717278481 0.644443989 -0.058278531 0.762427449 145.084304810
0.760399997 -0.072680041 -0.645375371 -126.485084534 0.094040893 0.995567441 -0.001315801 -9.746119499 0.642610371 -0.059691150 0.763864458 146.023605347
0.761961401 -0.072336532 -0.643569887 -127.246391296 0.094309963 0.995542824 -0.000238625 -9.769366264 0.640718699 -0.060513221 0.765387356 146.930282593
0.765173912 -0.068657748 -0.640152276 -128.003067017 0.090427749 0.995902181 0.001275577 -9.798480988 0.637441397 -0.058863577 0.768247128 147.804077148
0.768304229 -0.065358005 -0.636739194 -128.773880005 0.088617019 0.996054649 0.004687463 -9.820441246 0.633920789 -0.060027335 0.771064997 148.712524414
0.770051777 -0.061862990 -0.634975016 -129.551605225 0.086540528 0.996217072 0.007892775 -9.841180801 0.632084668 -0.061028916 0.772492349 149.645812988
0.771345437 -0.065082014 -0.633080244 -130.290084839 0.089667082 0.995948136 0.006864838 -9.857201576 0.630068302 -0.062061608 0.774055779 150.560714722
0.773145080 -0.066889070 -0.630692184 -131.064559937 0.087657981 0.996149004 0.001808872 -9.862181664 0.628142297 -0.056683712 0.776031077 151.487747192
0.774263918 -0.070675895 -0.628904164 -131.821197510 0.089395426 0.995994568 -0.001871759 -9.884023666 0.626517296 -0.054771915 0.777480602 152.398315430
0.774895489 -0.070658959 -0.628127635 -132.548339844 0.089977235 0.995943308 -0.001033812 -9.912487030 0.625652492 -0.055716094 0.778109789 153.296005249
0.775908232 -0.068382710 -0.627128541 -133.297363281 0.088477127 0.996077955 0.000854084 -9.943568230 0.624610484 -0.056149229 0.778915286 154.199569702
0.774607837 -0.068330936 -0.628739655 -134.015960693 0.087853029 0.996133447 -0.000023966 -9.958868027 0.626310110 -0.055218119 0.777616024 155.118179321
0.774473131 -0.065366507 -0.629220486 -134.750152588 0.085893549 0.996301711 0.002220971 -9.987798691 0.626748502 -0.055766076 0.777223468 156.003585815
0.773984134 -0.064550787 -0.629906118 -135.464752197 0.085534394 0.996330738 0.002997823 -10.002540588 0.627401233 -0.056198910 0.776665628 156.878417969
0.773696780 -0.062138774 -0.630501270 -136.181701660 0.084191613 0.996436536 0.005109352 -10.032199860 0.627937138 -0.057036027 0.776171267 157.731781006
0.772372186 -0.064380869 -0.631898940 -136.897445679 0.084198110 0.996448100 0.001392793 -10.047187805 0.629564881 -0.054280471 0.775049448 158.586883545
0.770119369 -0.066313013 -0.634443521 -137.555953979 0.083868556 0.996474087 -0.002349123 -10.066898346 0.632362306 -0.051400762 0.772965550 159.410873413
0.768911421 -0.069441043 -0.635573030 -138.262908936 0.084593460 0.996394217 -0.006522886 -10.091214180 0.633734286 -0.048749808 0.772013128 160.249725342
0.767700136 -0.068704650 -0.637115419 -138.955535889 0.083898984 0.996453941 -0.006359541 -10.126056671 0.635293245 -0.048571121 0.770742118 161.078125000
0.767755330 -0.066921338 -0.637238801 -139.663925171 0.080758989 0.996706367 -0.007372092 -10.147212029 0.635633230 -0.045802791 0.770631194 161.891555786
0.765001774 -0.066574194 -0.640578032 -140.373138428 0.080230229 0.996746004 -0.007776262 -10.171345711 0.639011264 -0.045444857 0.767853737 162.771850586
0.764438272 -0.067196488 -0.641185403 -141.067810059 0.080461241 0.996721387 -0.008528751 -10.211771011 0.639656126 -0.045070868 0.767338634 163.594192505
0.764027834 -0.067581981 -0.641634047 -141.777999878 0.081784554 0.996621251 -0.007586810 -10.247804642 0.639978707 -0.046679214 0.766973495 164.430633545
0.763830900 -0.065507941 -0.642083406 -142.488586426 0.079089925 0.996838391 -0.007615043 -10.272825241 0.640552223 -0.044965729 0.766596973 165.269531250
0.765363276 -0.064420007 -0.640366435 -143.216873169 0.078775406 0.996873498 -0.006132110 -10.312972069 0.638759375 -0.045751832 0.768045068 166.124160767
0.766648293 -0.062661387 -0.639002264 -143.884521484 0.076400742 0.997058511 -0.006110383 -10.334916115 0.637505531 -0.044135742 0.769180536 166.933105469
0.768981576 -0.061537575 -0.636302173 -144.589691162 0.075661749 0.997121096 -0.004994384 -10.358068466 0.634777665 -0.044303145 0.771423638 167.774948120
0.770458817 -0.064305544 -0.634238064 -145.260528564 0.076397352 0.997043014 -0.008284553 -10.380018234 0.632895470 -0.042071208 0.773093283 168.600036621
0.771912456 -0.072284698 -0.631605983 -145.938034058 0.082225680 0.996521533 -0.013556294 -10.406686783 0.630388916 -0.041469950 0.775170922 169.442642212
0.773464084 -0.077639759 -0.629067123 -146.604019165 0.084395595 0.996247530 -0.019189464 -10.449527740 0.628196359 -0.038248129 0.777114153 170.264923096
0.775183558 -0.081054293 -0.626514614 -147.278121948 0.087571502 0.995947361 -0.020497229 -10.488897324 0.625636995 -0.038975716 0.779139936 171.100952148
