1.000000000 0.000000000 0.000000000 0.000000000 0.000000000 0.999961495 0.000000000 -0.000065506 0.000000000 0.000000000 0.999961495 0.000000001
0.999978960 0.000367925 -0.006479224 -0.007870001 -0.000365641 0.999980628 0.000352552 -0.001234006 0.006479228 -0.000350175 0.999959707 0.092119925
0.999907732 0.001028839 -0.013547172 -0.018711587 -0.001027774 0.999980211 0.000084129 -0.000433273 0.013546990 -0.000070198 0.999888957 0.184291616
0.999774933 0.001462144 -0.021163691 -0.028212117 -0.001477451 0.999979377 -0.000709004 -0.000098725 0.021162217 0.000740113 0.999756515 0.286961377
0.999541283 0.001880749 -0.030226968 -0.043175071 -0.001942113 0.999976873 -0.002002095 -0.002435123 0.030222503 0.002059881 0.999521852 0.385336101
0.999125540 0.001800109 -0.041771468 -0.060380150 -0.001942268 0.999973178 -0.003363753 -0.005766554 0.041764293 0.003441943 0.999102294 0.502001703
0.998481572 0.001717093 -0.055059820 -0.086023934 -0.001952405 0.999969900 -0.004220855 -0.005935787 0.055050913 0.004321945 0.998454869 0.625597179
0.997442544 0.001896504 -0.071448028 -0.112708732 -0.002221485 0.999968231 -0.004469822 -0.003785536 0.071437284 0.004617112 0.997415066 0.765255153
0.995928109 0.000290968 -0.090150744 -0.139868215 -0.000681907 0.999971211 -0.004305801 -0.006962019 0.090146899 0.004349743 0.995899618 0.910360634
0.993934095 -0.000562336 -0.109975807 -0.179415971 0.000078809 0.999971032 -0.004400857 -0.011764768 0.109975100 0.004365495 0.993905365 1.069341183
0.991204262 -0.000201177 -0.132340387 -0.209260926 -0.000456043 0.999987721 -0.004935800 -0.010964424 0.132339731 0.004952739 0.991192043 1.243793011
0.987685144 0.003407170 -0.156417429 -0.264664143 -0.004451478 0.999970078 -0.006326600 -0.017297657 0.156391233 0.006944978 0.987670779 1.418213367
0.983287573 0.006915662 -0.181927606 -0.327109069 -0.008445921 0.999935150 -0.007637950 -0.023549499 0.181862995 0.009046848 0.983282208 1.562883139
0.977907002 0.010445808 -0.208778977 -0.399723500 -0.012505868 0.999885261 -0.008549554 -0.032594137 0.208665684 0.010971634 0.977925479 1.782875657
0.971236646 0.010938010 -0.237865061 -0.477352411 -0.013369607 0.999873519 -0.008611711 -0.037793487 0.237740755 0.011544171 0.971260190 1.969541192
0.963162363 0.012848617 -0.268613517 -0.563010871 -0.015623792 0.999844313 -0.008196271 -0.039760869 0.268466443 0.012091101 0.963213086 2.160643339
0.953688323 0.014533001 -0.300445706 -0.656133652 -0.017424809 0.999824166 -0.006947663 -0.043802354 0.300291806 0.011861115 0.953773677 2.351119757
0.942404330 0.016475370 -0.334069788 -0.755602419 -0.019662460 0.999787629 -0.006160726 -0.041786645 0.333897322 0.012374530 0.942528129 2.541644812
0.929870486 0.018727412 -0.367410034 -0.868148863 -0.022235921 0.999738514 -0.005318334 -0.047376838 0.367214322 0.013115065 0.930043817 2.733094931
0.916045308 0.021310059 -0.400508314 -0.990325511 -0.025461162 0.999663115 -0.005045326 -0.044782795 0.400265902 0.014819155 0.916279137 2.917218685
0.899960816 0.022903195 -0.435368598 -1.112190008 -0.027367041 0.999617517 -0.003984749 -0.049729791 0.435110778 0.015500869 0.900243461 3.094696999
0.881598413 0.018761728 -0.471627235 -1.310290694 -0.023512943 0.999714792 -0.004182534 -0.055981167 0.471414238 0.014776659 0.881788135 3.394628763
0.860603571 0.013686226 -0.509091556 -1.468477249 -0.018734004 0.999812961 -0.004790660 -0.055658203 0.508930743 0.013660180 0.860698998 3.595664501
0.835668385 0.015689114 -0.549010038 -1.635299802 -0.019631645 0.999806345 -0.001310484 -0.062877640 0.548883319 0.011873101 0.835814655 3.781737089
0.806649745 0.021026183 -0.590655684 -1.861587882 -0.024196329 0.999704003 0.002542932 -0.067968197 0.590534329 0.012240442 0.806919694 3.995288134
0.774057627 0.024008399 -0.632659793 -2.090005875 -0.027432662 0.999614120 0.004369920 -0.068501867 0.632520556 0.013972971 0.774417520 4.198633194
0.738013268 0.023427350 -0.674379528 -2.299579144 -0.026808115 0.999626100 0.005388432 -0.071737714 0.674253583 0.014102109 0.738365173 4.360937119
0.698280215 0.019109702 -0.715569377 -2.579545975 -0.020849252 0.999762475 0.006353737 -0.071362406 0.715520799 0.010482398 0.698512793 4.581178188
0.655397892 0.015419883 -0.755126297 -2.822385550 -0.015492806 0.999855757 0.006970625 -0.069227777 0.755124748 0.007130492 0.655542254 4.746511459
0.611184359 0.014787619 -0.791350067 -3.137600660 -0.012608960 0.999880493 0.008946047 -0.068594210 0.791387975 0.004510415 0.611297846 4.919056416
0.562789857 0.015109199 -0.826461792 -3.429056406 -0.009513150 0.999885142 0.011801584 -0.066570573 0.826545179 0.001220442 0.562869012 5.074120998
0.512262046 0.016068982 -0.858678877 -3.787706852 -0.007850087 0.999870718 0.014028070 -0.065669462 0.858793497 -0.000445345 0.512321949 5.218622684
0.460117906 0.017569063 -0.887683988 -4.153051376 -0.006962203 0.999844849 0.016180197 -0.062023286 0.887830555 -0.001264562 0.460168868 5.340289593
0.405008852 0.019627145 -0.914102077 -4.531475067 -0.004660412 0.999801040 0.019402348 -0.060481023 0.914300919 -0.003598031 0.405019641 5.460957050
0.349288523 0.021358153 -0.936771810 -4.947436333 -0.004125424 0.999765635 0.021256171 -0.052002553 0.937006176 -0.003559956 0.349294782 5.568433285
0.293947309 0.024959723 -0.955495596 -5.373363495 -0.000980830 0.999666333 0.025811821 -0.055636097 0.955821157 -0.006650137 0.293873757 5.651907444
0.239700660 0.027436810 -0.970459044 -5.846054077 0.003366017 0.999571085 0.029091261 -0.058571272 0.970841110 -0.010239776 0.239505485 5.736946583
0.189285845 0.026886465 -0.981553853 -6.300590992 0.006247845 0.999571860 0.028584864 -0.044186518 0.981902122 -0.011543307 0.189036816 5.770835876
0.141649812 0.027795674 -0.989526629 -6.792701721 0.004201683 0.999579847 0.028679539 -0.033429924 0.989907861 -0.008220130 0.141473547 5.796108246
0.100143805 0.026976079 -0.994607151 -7.351167679 0.001914825 0.999625325 0.027304979 -0.009089248 0.994971156 -0.004638924 0.100054622 5.796840668
0.061106388 0.026663369 -0.997775018 -7.840505123 0.001178318 0.999640524 0.026785385 -0.008032992 0.998130500 -0.002812454 0.061052993 5.798473835
0.026732810 0.022942200 -0.999379277 -8.424396515 0.001289597 0.999734938 0.022984864 0.009679711 0.999641716 -0.001903247 0.026696149 5.784485817
-0.004770661 0.021220451 -0.999763370 -8.982113838 0.003322106 0.999769628 0.021204730 0.008405170 0.999983132 -0.003220161 -0.004840058 5.755313873
-0.031347726 0.018568516 -0.999336004 -9.602283478 0.002413346 0.999825895 0.018501915 0.021515688 0.999505699 -0.001831751 -0.031387083 5.715369225
-0.052188106 0.016897293 -0.998494327 -10.184497833 0.001908563 0.999856710 0.016820595 0.028568439 0.998635471 -0.001027854 -0.052212872 5.655583858
-0.067767501 0.015833227 -0.997575521 -10.854427338 0.001697625 0.999874473 0.015754392 0.048124548 0.997699738 -0.000625874 -0.067785867 5.587460518
-0.081114955 0.016713873 -0.996564627 -11.465919495 0.003097014 0.999858797 0.016517041 0.046307940 0.996699929 -0.001746596 -0.081155278 5.524801731
-0.091351904 0.017723333 -0.995660901 -12.170405388 0.003069895 0.999841869 0.017516093 0.049058642 0.995813906 -0.001456446 -0.091391861 5.470725536
-0.097395375 0.018842746 -0.995067358 -12.827524185 0.000726044 0.999821782 0.018861713 0.057961442 0.995245516 0.001114581 -0.097391717 5.364972591
-0.101713240 0.019783640 -0.994616926 -13.584674835 0.000925851 0.999803722 0.019792123 0.068658873 0.994813323 0.001092253 -0.101711586 5.282139301
-0.103174798 0.020652130 -0.994448841 -14.238383293 0.002540021 0.999786675 0.020499453 0.074602410 0.994659901 -0.000410894 -0.103205234 5.209227085
-0.101888075 0.023112329 -0.994527400 -15.036652565 0.004878794 0.999729693 0.022733403 0.084575757 0.994783819 -0.002535831 -0.101973295 5.126756668
-0.100732155 0.025137134 -0.994596004 -15.739704132 0.004165222 0.999682665 0.024843846 0.094504289 0.994904757 -0.001640139 -0.100804895 5.054842472
-0.098149352 0.025563840 -0.994843304 -16.587100983 0.001437836 0.999672651 0.025546083 0.097444795 0.995170593 0.001076909 -0.098153964 4.953023434
-0.097253360 0.022778882 -0.994998932 -17.299421310 -0.000399533 0.999737024 0.022926403 0.110790007 0.995259523 0.002627205 -0.097218677 4.883272648
-0.095560908 0.022521598 -0.995168805 -18.188379288 -0.000802273 0.999741971 0.022702130 0.128019765 0.995423257 0.002967833 -0.095518164 4.795262814
-0.094062671 0.025151996 -0.995248437 -18.936727524 -0.000467963 0.999679625 0.025308201 0.145961776 0.995566010 0.002846298 -0.094020769 4.717059612
-0.092359491 0.028613005 -0.995314538 -19.869766235 -0.001690769 0.999581099 0.028892552 0.158670470 0.995724261 0.004351348 -0.092272408 4.632964611
-0.090535648 0.030804051 -0.995416701 -20.665344238 -0.002590265 0.999510884 0.031166339 0.164540693 0.995889962 0.005400058 -0.090411566 4.552180767
-0.088769056 0.029754825 -0.995607674 -21.643749237 -0.004405082 0.999532282 0.030264871 0.186696857 0.996042550 0.007072319 -0.088596441 4.460445404
-0.086948052 0.027072240 -0.995844960 -22.455024719 -0.006726454 0.999591887 0.027761398 0.202378958 0.996190071 0.009112304 -0.086730495 4.376410961
-0.085120909 0.026516957 -0.996017814 -23.400791168 -0.007481266 0.999600530 0.027251704 0.220411837 0.996342480 0.009771163 -0.084888548 4.286656380
-0.083921894 0.028743021 -0.996057689 -24.309312820 -0.004817663 0.999560535 0.029250009 0.240021259 0.996460676 0.007253387 -0.083746538 4.218621254
-0.083167553 0.030710690 -0.996062219 -25.262199402 -0.002094285 0.999517500 0.030992083 0.257386982 0.996533394 0.004663574 -0.083063096 4.147198200
-0.081796676 0.032585755 -0.996116221 -26.198020935 -0.001594730 0.999459803 0.032826096 0.272719860 0.996647716 0.004273602 -0.081700534 4.066083908
-0.081264384 0.028266698 -0.996291697 -27.159070969 -0.001356529 0.999593675 0.028471030 0.281443208 0.996691644 0.003665180 -0.081193022 3.985598803
-0.081125282 0.021015499 -0.996482253 -28.104684830 -0.000204848 0.999777317 0.021101663 0.297383368 0.996703804 0.001916006 -0.081102930 3.919366598
-0.081314273 0.016571565 -0.996550739 -29.087974548 0.003325759 0.999860644 0.016355237 0.308178812 0.996682942 -0.001984373 -0.081358068 3.844212294
-0.082055546 0.017023120 -0.996482372 -30.052965164 0.004525012 0.999850094 0.016708042 0.327273756 0.996617436 -0.003138107 -0.082120284 3.768116236
-0.081905611 0.024996856 -0.996326566 -31.069133759 0.004448071 0.999684632 0.024715442 0.329000503 0.996630132 -0.002407398 -0.081990980 3.677019596
-0.082777329 0.031623162 -0.996066213 -32.047134399 0.003158296 0.999499738 0.031469703 0.348920524 0.996563077 -0.000540894 -0.082835808 3.603532553
-0.083037689 0.037248392 -0.995850027 -33.056491852 0.000919082 0.999303579 0.037300937 0.356678069 0.996546090 0.002182116 -0.083014093 3.514123678
-0.083058611 0.037534222 -0.995837569 -34.043773651 -0.000922885 0.999287128 0.037741207 0.370185673 0.996544242 0.004053777 -0.082964763 3.412694931
-0.083366603 0.033736333 -0.995947838 -35.056259155 -0.000723290 0.999424458 0.033914644 0.392352849 0.996518791 0.003547707 -0.083294213 3.321632385
-0.083612412 0.030718818 -0.996024787 -36.077083588 -0.000768164 0.999522448 0.030891176 0.414281338 0.996498108 0.003347997 -0.083548889 3.232210875
-0.083685473 0.032334186 -0.995967627 -37.041374207 -0.002130704 0.999465287 0.032626789 0.429876864 0.996489942 0.004852499 -0.083571844 3.132971525
-0.083585098 0.035013843 -0.995885313 -38.057689667 -0.003539049 0.999365866 0.035433244 0.438548714 0.996494353 0.006486178 -0.083408184 3.044142962
-0.083813220 0.033574939 -0.995915711 -39.016529083 -0.004028106 0.999412537 0.034031820 0.444885045 0.996473372 0.006863971 -0.083628759 2.965813160
-0.083854906 0.028274838 -0.996076822 -40.002681732 -0.004179451 0.999578536 0.028726088 0.467527121 0.996469140 0.006571878 -0.083701394 2.895316839
-0.083151236 0.023976652 -0.996248484 -40.988029480 -0.006236860 0.999678373 0.024579756 0.478686810 0.996517420 0.008257300 -0.082974955 2.788946629
-0.083211437 0.024542443 -0.996229649 -41.996875763 -0.005667414 0.999668837 0.025100546 0.498209536 0.996515810 0.007734699 -0.083044790 2.713164330
-0.081968062 0.027299622 -0.996260941 -42.988674164 -0.004768819 0.999602556 0.027783541 0.496122986 0.996623516 0.007028352 -0.081805311 2.611050844
-0.081724375 0.032244202 -0.996133208 -44.003570557 -0.004094897 0.999457240 0.032687746 0.508407354 0.996646583 0.006750449 -0.081547968 2.527912855
-0.081172131 0.037793335 -0.995983303 -44.962383270 -0.003132552 0.999266207 0.038173199 0.529608667 0.996695280 0.006218570 -0.080994166 2.453844547
-0.081772216 0.040909227 -0.995811105 -45.953060150 -0.003700064 0.999137878 0.041349728 0.544692636 0.996644139 0.007065825 -0.081550352 2.378413677
-0.081108503 0.041247804 -0.995851398 -46.923088074 -0.002892787 0.999129355 0.041619189 0.561070919 0.996701002 0.006256455 -0.080918573 2.287175417
-0.080861479 0.036687095 -0.996049941 -47.935623169 -0.002551184 0.999311447 0.037014335 0.588371277 0.996722043 0.005534140 -0.080712207 2.192304611
-0.080311425 0.032235291 -0.996248424 -48.921337128 -0.003972975 0.999458611 0.032659438 0.606629372 0.996761858 0.006580994 -0.080139875 2.115127325
-0.080439433 0.029645147 -0.996318519 -49.860424042 -0.008229088 0.999503911 0.030404311 0.616471112 0.996725500 0.010644499 -0.080155559 2.030636549
-0.080320448 0.027882788 -0.996379018 -50.853923798 -0.011848266 0.999511361 0.028925560 0.630317807 0.996698678 0.014128678 -0.079950832 1.922127485
-0.081076555 0.024827907 -0.996398687 -51.908142090 -0.009815988 0.999621332 0.025706930 0.662773669 0.996659517 0.011864865 -0.080802150 1.863460660
-0.082883604 0.021808403 -0.996320605 -52.797523499 -0.005751026 0.999733388 0.022361536 0.659701407 0.996542633 0.007583271 -0.082736075 1.780146480
-0.083793595 0.020322712 -0.996275902 -53.780361176 -0.001579489 0.999788046 0.020527204 0.667999864 0.996481895 0.003293656 -0.083743729 1.704239607
-0.086336143 0.023786675 -0.995982051 -54.762710571 -0.000974082 0.999712408 0.023960203 0.673058987 0.996265650 0.003038800 -0.086288132 1.638488173
-0.087055579 0.030285457 -0.995742917 -55.723285675 0.001205485 0.999540269 0.030295556 0.677471280 0.996202707 0.001437044 -0.087052062 1.522449017
-0.088967048 0.034056708 -0.995452166 -56.698558807 0.002997245 0.999419928 0.033924580 0.687015831 0.996030092 0.000034555 -0.089017518 1.440480947
-0.090447776 0.033627350 -0.995333314 -57.662433624 0.002614120 0.999434352 0.033528354 0.692203522 0.995897830 0.000430644 -0.090484537 1.347777367
-0.091492549 0.029389689 -0.995371938 -58.598979950 -0.000393014 0.999563217 0.029549563 0.706324041 0.995805621 0.003094760 -0.091441043 1.246798277
-0.093068548 0.025465887 -0.995333970 -59.547149658 -0.004991348 0.999648333 0.026042985 0.719943881 0.995647192 0.007391841 -0.092908725 1.151340723
-0.093808047 0.024144590 -0.995297492 -60.499778748 -0.009023378 0.999644279 0.025100494 0.730463743 0.995549381 0.011335571 -0.093556799 1.044726253
-0.095163085 0.025203390 -0.995142579 -61.441013336 -0.010769598 0.999594808 0.026346024 0.735852242 0.995403409 0.013224454 -0.094853118 0.941427648
-0.095763274 0.026949883 -0.995039165 -62.392024994 -0.011355067 0.999538779 0.028164571 0.741362274 0.995339394 0.013995868 -0.095413081 0.830887377
-0.096762352 0.026275037 -0.994960606 -63.308998108 -0.012975473 0.999533236 0.027657688 0.752968311 0.995222986 0.015586309 -0.096376263 0.748514116
-0.097819604 0.026164385 -0.994860113 -64.251052856 -0.013732915 0.999523640 0.027637323 0.758251548 0.995109439 0.016365800 -0.097413704 0.654163241
-0.098706946 0.027826194 -0.994727373 -65.184623718 -0.010309330 0.999526680 0.028983446 0.770829260 0.995063186 0.013115841 -0.098373361 0.563542247
-0.099408947 0.030599367 -0.994576097 -66.074378967 -0.010245826 0.999442577 0.031773172 0.780076563 0.994993985 0.013348791 -0.099040017 0.490517050
-0.098887637 0.034757152 -0.994491339 -67.039535522 -0.011069374 0.999289453 0.036025535 0.804935992 0.995037019 0.014570877 -0.098432638 0.366576761
-0.099382415 0.037333019 -0.994348645 -67.952117920 -0.010971346 0.999193966 0.038611505 0.806961179 0.994988859 0.014746647 -0.098892719 0.267816007
-0.100130752 0.036748204 -0.994295418 -68.840034485 -0.010569942 0.999221981 0.037994735 0.832259893 0.994918048 0.014314085 -0.099664435 0.180970520
-0.100352719 0.035022341 -0.994335413 -69.745887756 -0.009597531 0.999299645 0.036165822 0.832894862 0.994905591 0.013172502 -0.099946320 0.090057820
-0.100513488 0.031789932 -0.994427681 -70.619895935 -0.009762294 0.999409735 0.032935940 0.841907144 0.994887769 0.013018399 -0.100143805 -0.004814371
-0.100192301 0.028253980 -0.994566858 -71.479400635 -0.010078798 0.999516666 0.029409928 0.870714486 0.994917035 0.012970687 -0.099859096 -0.087811597
-0.099327341 0.026409218 -0.994704187 -72.328163147 -0.010801275 0.999560118 0.027616711 0.866737902 0.994996190 0.013487168 -0.098998390 -0.179941222
-0.096801527 0.025416600 -0.994979084 -73.151313782 -0.013163205 0.999553740 0.026814107 0.874544203 0.995216608 0.015692761 -0.096423760 -0.272748232
-0.092785008 0.026656475 -0.995329261 -73.956985474 -0.013476178 0.999516368 0.028024862 0.874977350 0.995594919 0.016013524 -0.092380904 -0.341168821
-0.087466568 0.028107461 -0.995770872 -74.725311279 -0.012790157 0.999487758 0.029335842 0.886496007 0.996085465 0.015301970 -0.087062262 -0.388902694
-0.080343135 0.029500823 -0.996330619 -75.495010376 -0.011240593 0.999471545 0.030500257 0.890231729 0.996703863 0.013649834 -0.079969078 -0.451107979
-0.071636654 0.031029269 -0.996948004 -76.241828918 -0.012961971 0.999402583 0.032037064 0.891142011 0.997346461 0.015217442 -0.071191669 -0.503640950
-0.059592351 0.033080067 -0.997674644 -76.974899292 -0.014934850 0.999309242 0.034026351 0.894264758 0.998111069 0.016927833 -0.059057157 -0.557209373
-0.044868417 0.034235701 -0.998406112 -77.683708191 -0.018254276 0.999217629 0.035083883 0.912128448 0.998826087 0.019799341 -0.044208374 -0.578832984
-0.026448879 0.034749854 -0.999046028 -78.359390259 -0.019529285 0.999186873 0.035271771 0.934305727 0.999459445 0.020443551 -0.025748746 -0.598493040
-0.004624683 0.036223989 -0.999333024 -79.017410278 -0.020669043 0.999126732 0.036312163 0.929762363 0.999775648 0.020823188 -0.003871936 -0.587450087
0.021297827 0.036353637 -0.999112010 -79.663078308 -0.019787449 0.999158323 0.035933513 0.942526400 0.999577403 0.019004568 0.021999240 -0.561675847
0.050728500 0.035750151 -0.998072386 -80.268218994 -0.018568918 0.999220133 0.034847468 0.955169499 0.998539805 0.016765362 0.051352780 -0.516295791
0.084752031 0.035258334 -0.995778024 -80.878326416 -0.018129490 0.999262810 0.033838697 0.975815475 0.996237099 0.015185053 0.085328758 -0.420757502
0.122491233 0.036213636 -0.991808712 -81.438140869 -0.017935703 0.999251664 0.034270294 0.974071503 0.992307603 0.013590976 0.123049080 -0.348062515
0.163392931 0.035946548 -0.985906005 -81.965919495 -0.017139301 0.999288559 0.033594012 0.974740148 0.986412168 0.011408712 0.163892806 -0.209894970
0.208892882 0.036883213 -0.977242768 -82.465187073 -0.016069440 0.999283075 0.034280099 0.976699054 0.977806509 0.008542877 0.209335804 -0.086330913
0.257873684 0.035565395 -0.965523839 -82.975463867 -0.013001058 0.999359548 0.033339400 0.981253326 0.966091156 0.003955480 0.258170903 0.077937298
0.307629049 0.031373300 -0.950989068 -83.415847778 -0.004943655 0.999495506 0.031374358 0.964034975 0.951493502 -0.004950303 0.307628930 0.274923533
0.358067393 0.026091391 -0.933331132 -83.864822388 0.000272468 0.999606490 0.028048661 0.968928337 0.933695734 -0.010297613 0.357919395 0.506609142
0.410531878 0.021732287 -0.911587238 -84.314025879 0.004648701 0.999652982 0.025925318 0.974751472 0.911834419 -0.014880869 0.410288453 0.755593121
0.461581588 0.021119660 -0.886846364 -84.771636963 0.004396588 0.999649704 0.026094319 0.988122463 0.887086928 -0.015943753 0.461327106 1.041034341
0.509515464 0.019893114 -0.860231519 -85.186271667 0.005895103 0.999628544 0.026608385 0.996255159 0.860441267 -0.018628538 0.509209037 1.328777313
0.554615021 0.015602497 -0.831960857 -85.595962524 0.013649913 0.999519050 0.027844392 1.002628088 0.831995130 -0.026799109 0.554135323 1.667071819
0.598536432 0.009255528 -0.801042080 -85.974334717 0.023946295 0.999279678 0.029438645 1.006542444 0.800737560 -0.036802091 0.597883761 2.023020983
0.640378177 0.003765871 -0.768050492 -86.327545166 0.025554752 0.999329865 0.026206683 1.009867907 0.767634451 -0.036409527 0.639852822 2.386899233
0.681455731 -0.000490227 -0.731859088 -86.673835754 0.022355312 0.999547124 0.020146163 1.005756736 0.731517851 -0.030089660 0.681158006 2.765259743
0.722084820 -0.007055156 -0.691768706 -87.002983093 0.018268181 0.999793708 0.008872146 1.012294054 0.691563308 -0.019043796 0.722064674 3.158329248
0.761495531 -0.010071178 -0.648091853 -87.325660706 0.013714278 0.999905765 0.000575742 1.023297548 0.648025036 -0.009326540 0.761561871 3.586679935
0.798596859 -0.010474962 -0.601775110 -87.630233765 0.011596502 0.999930739 -0.002016216 1.020055890 0.601754546 -0.005368341 0.798663020 4.055927277
0.832785428 -0.011778007 -0.553470433 -87.925827026 0.011601413 0.999925375 -0.003822497 1.021469831 0.553474188 -0.003237720 0.832859933 4.570610046
0.863724411 -0.010298773 -0.503859103 -88.209571838 0.008455691 0.999946594 -0.005943795 1.017874122 0.503893495 0.000873323 0.863765299 5.109090805
0.889984846 -0.008097715 -0.455918342 -88.530975342 0.007004013 0.999967098 -0.004088415 0.998837888 0.455936432 0.000445369 0.890012205 5.708221436
0.911260128 -0.002603719 -0.411823064 -88.715797424 0.001404405 0.999993861 -0.003214791 0.996021867 0.411828905 0.002351145 0.911258161 6.286273003
0.929005265 0.001890835 -0.370061517 -88.954681396 -0.003946524 0.999980628 -0.004797970 0.990324318 0.370045245 0.005917795 0.928994834 6.911948204
0.942722499 0.007031198 -0.333503842 -89.179214478 -0.008653508 0.999956846 -0.003379151 0.985185206 0.333465725 0.006071579 0.942742586 7.573378563
0.952831745 0.007721898 -0.303400874 -89.384376526 -0.008536531 0.999962628 -0.001358821 0.972240448 0.303379059 0.003884719 0.952862144 8.260499954
0.960159540 0.006878986 -0.279367924 -89.583526611 -0.007078909 0.999974966 0.000293276 0.964758694 0.279362947 0.001696029 0.960184097 8.973185539
0.966174364 0.007357312 -0.257784426 -89.767265320 -0.007116251 0.999972880 0.001868121 0.961614132 0.257791191 0.000029528 0.966200590 9.720491409
0.970850468 0.009555400 -0.239495412 -89.955863953 -0.008669949 0.999951124 0.004750441 0.950304449 0.239529088 -0.002535555 0.970885873 10.498835564
0.974367321 0.014853643 -0.224471733 -90.128089905 -0.013890724 0.999886215 0.005868383 0.956109941 0.224533364 -0.002599887 0.974462926 11.268255234
0.977315664 0.018826704 -0.210949227 -90.313362122 -0.017695069 0.999817133 0.007250998 0.948003232 0.211047143 -0.003353754 0.977470160 12.084596634
0.980024397 0.017074117 -0.198143154 -90.463668823 -0.016020181 0.999847651 0.006921001 0.946242332 0.198231146 -0.003608459 0.980148673 12.893341064
0.982664764 0.016997356 -0.184611082 -90.618331909 -0.016107604 0.999850214 0.006318356 0.944757283 0.184690833 -0.003235182 0.982791424 13.753152847
0.985297620 0.017487740 -0.169949204 -90.760650635 -0.016528975 0.999838412 0.007054807 0.943049788 0.170045123 -0.004141998 0.985427678 14.591394424
0.987643301 0.018948572 -0.155568808 -90.904212952 -0.018022347 0.999810457 0.007362232 0.945239544 0.155678868 -0.004467544 0.987797558 15.489818573
0.989525437 0.019213160 -0.143074244 -91.031448364 -0.018734587 0.999813497 0.004691432 0.932087243 0.143137664 -0.001961854 0.989700854 16.360662460
0.990988553 0.019402675 -0.132534400 -91.146438599 -0.019632706 0.999807179 -0.000428953 0.923849642 0.132500529 0.003027096 0.991178334 17.285503387
0.992290497 0.018157866 -0.122596256 -91.265289307 -0.019144434 0.999793053 -0.006874045 0.915604055 0.122446075 0.009168084 0.992432773 18.185253143
0.993189275 0.018166536 -0.115087494 -91.361579895 -0.019066231 0.999795616 -0.006721403 0.898678184 0.114941865 0.008869909 0.993332505 19.144758224
0.993993342 0.020098977 -0.107579306 -91.491363525 -0.020300277 0.999793649 -0.000776294 0.891209543 0.107541509 0.002955521 0.994196177 20.073966980
0.994450033 0.024437705 -0.102332801 -91.601371765 -0.023796992 0.999688864 0.007477395 0.866646945 0.102483690 -0.005000683 0.994722068 21.052680969
0.994842529 0.025526224 -0.098166682 -91.704353333 -0.024563245 0.999637723 0.011005937 0.864317477 0.098412059 -0.008537883 0.995109141 21.986635208
0.995221972 0.024520380 -0.094508909 -91.808158875 -0.023663510 0.999668181 0.010176837 0.853340924 0.094727099 -0.007891799 0.995472133 22.977880478
0.995471001 0.023968987 -0.091993950 -91.882560730 -0.023235600 0.999689162 0.009035084 0.850790501 0.092181914 -0.006856631 0.995718539 23.865648270
0.995735049 0.022520080 -0.089467824 -91.970275879 -0.021611689 0.999704659 0.011109212 0.846061885 0.089691572 -0.009128283 0.995927691 24.858171463
0.996024072 0.021076303 -0.086555317 -92.049903870 -0.019955076 0.999705553 0.013798844 0.832872629 0.086820655 -0.012016763 0.996151388 25.747838974
0.996305287 0.018494273 -0.083867699 -92.133399963 -0.017240344 0.999728799 0.015651003 0.828190386 0.084134392 -0.014147269 0.996353924 26.755338669
0.996569991 0.018048121 -0.080762193 -92.206314087 -0.017184604 0.999787629 0.011374465 0.830093563 0.080950335 -0.009947585 0.996668518 27.591880798
0.996658385 0.021167703 -0.078892626 -92.298652649 -0.020927619 0.999773502 0.003868848 0.825542450 0.078956649 -0.002204884 0.996875644 28.576944351
0.996760547 0.021363841 -0.077537142 -92.366569519 -0.021675292 0.999760032 -0.003177353 0.803802848 0.077450655 0.004847700 0.996984363 29.418804169
0.996830821 0.022007408 -0.076445140 -92.439628601 -0.022643762 0.999715745 -0.007467499 0.789559901 0.076259054 0.009174841 0.997045815 30.373485565
0.996958435 0.023577085 -0.074283466 -92.518333435 -0.024040332 0.999696672 -0.005348148 0.765852511 0.074134834 0.007117680 0.997222900 31.320125580
0.997097492 0.026809471 -0.071258456 -92.604011536 -0.027001286 0.999633908 -0.001729793 0.752870858 0.071185991 0.003648842 0.997456372 32.148635864
0.997137189 0.030021016 -0.069398627 -92.672225952 -0.029900724 0.999549031 0.002771662 0.742152095 0.069450542 -0.000688658 0.997585177 33.071605682
0.997392833 0.028258251 -0.066400081 -92.738235474 -0.027964631 0.999594569 0.005347482 0.720748186 0.066524260 -0.003476687 0.997778714 33.979522705
0.997542560 0.024995049 -0.065451942 -92.806503296 -0.024709614 0.999681294 0.005166962 0.707454622 0.065560222 -0.003536972 0.997842371 34.898189545
0.997675180 0.023503980 -0.063969150 -92.862571716 -0.023207033 0.999716222 0.005381189 0.692646742 0.064077489 -0.003884144 0.997937322 35.784358978
0.997746110 0.022578765 -0.063189499 -92.924034119 -0.022393316 0.999742627 0.003641590 0.687237859 0.063255459 -0.002218360 0.997994900 36.729465485
0.997840106 0.021162681 -0.062187783 -92.978538513 -0.021071846 0.999775767 0.002116283 0.673398077 0.062218625 -0.000801301 0.998062253 37.582687378
0.997886837 0.020828387 -0.061546907 -93.037124634 -0.020726677 0.999782562 0.002290561 0.665182948 0.061581235 -0.001010058 0.998101592 38.496875763
0.997880876 0.023534482 -0.060662523 -93.099838257 -0.023371464 0.999721110 0.003395455 0.652360678 0.060725518 -0.001970487 0.998152554 39.395462036
0.997895718 0.022196352 -0.060922652 -93.157798767 -0.022087365 0.999752998 0.002461854 0.642543435 0.060962256 -0.001111052 0.998139441 40.318084717
0.997805357 0.022188345 -0.062387466 -93.217277527 -0.022090165 0.999753416 0.002263131 0.631339431 0.062422290 -0.000880015 0.998049438 41.228263855
0.997712851 0.019958798 -0.064582333 -93.276679993 -0.019809233 0.999799430 0.002955528 0.618275106 0.064628370 -0.001669442 0.997907996 42.163417816
0.997461557 0.022174006 -0.067667939 -93.345550537 -0.022038003 0.999753296 0.002755755 0.609064162 0.067712359 -0.001257493 0.997704089 43.075801849
0.997156084 0.025722884 -0.070838295 -93.415367126 -0.025593512 0.999668658 0.002733464 0.594456077 0.070885129 -0.000912690 0.997484088 44.028091431
0.996981263 0.026096761 -0.073125452 -93.498054504 -0.026311997 0.999651849 -0.001981447 0.577600181 0.073048271 0.003899542 0.997320771 44.927932739
0.996747017 0.026757827 -0.076022588 -93.577720642 -0.027237425 0.999615073 -0.005278577 0.561519682 0.075852089 0.007332065 0.997092068 45.887737274
0.996667564 0.025978887 -0.077324882 -93.663177490 -0.026617091 0.999619544 -0.007234171 0.558481157 0.077107526 0.009268225 0.996979833 46.784889221
0.996481001 0.026790960 -0.079421706 -93.749900818 -0.027334990 0.999609768 -0.005770433 0.538082659 0.079236113 0.007921120 0.996824384 47.780529022
0.996346831 0.024476770 -0.081816502 -93.822570801 -0.024944797 0.999677718 -0.004703032 0.517111659 0.081675015 0.006726747 0.996636450 48.667930603
0.996159136 0.024122765 -0.084172919 -93.899581909 -0.024459083 0.999696374 -0.002966455 0.502054453 0.084075794 0.005013853 0.996446788 49.678848267
0.996133745 0.024097160 -0.084480204 -94.003280640 -0.024125395 0.999708712 0.000686786 0.494403243 0.084472150 0.001353988 0.996424973 50.571376801
0.996063113 0.023830650 -0.085384347 -94.092018127 -0.023438323 0.999709666 0.005594497 0.481858015 0.085492879 -0.003571206 0.996332467 51.588844299
0.996123016 0.023282021 -0.084833644 -94.180389404 -0.022695035 0.999711335 0.007877218 0.468382657 0.084992550 -0.005921375 0.996364057 52.618156433
0.996271849 0.026840536 -0.081987225 -94.287139893 -0.026247254 0.999620974 0.008305681 0.463716537 0.082179092 -0.006122778 0.996598780 53.452194214
0.996434748 0.026208648 -0.080193274 -94.376464844 -0.025774112 0.999646962 0.006449149 0.455894381 0.080334000 -0.004359244 0.996758521 54.469215393
0.996599495 0.024368798 -0.078711681 -94.450820923 -0.024086839 0.999699593 0.004529808 0.448661238 0.078798413 -0.002618490 0.996887147 55.420387268
0.996779442 0.020694811 -0.077475898 -94.523307800 -0.020544171 0.999785125 0.002741019 0.438743085 0.077515975 -0.001140514 0.996990561 56.477233887
0.996991992 0.019244049 -0.075076595 -94.605384827 -0.019093694 0.999813974 0.002720020 0.426814973 0.075114988 -0.001278349 0.997174025 57.405883789
0.997082949 0.016975721 -0.074413240 -94.679939270 -0.016610080 0.999846697 0.005529808 0.413932890 0.074495710 -0.004277667 0.997212172 58.474235535
0.997202218 0.014315305 -0.073367216 -94.751655579 -0.013767429 0.999873459 0.007967875 0.400854886 0.073471986 -0.006935504 0.997273147 59.410549164
0.997318208 0.013402075 -0.071949281 -94.858825684 -0.012849120 0.999884307 0.008142664 0.381338775 0.072050080 -0.007196344 0.997375071 60.473556519
0.997331321 0.015253636 -0.071397111 -94.911972046 -0.014936742 0.999876142 0.004970293 0.378241450 0.071464099 -0.003890588 0.997435570 61.405460358
0.997349799 0.017351866 -0.070655376 -94.992141724 -0.017465476 0.999847054 -0.000990424 0.367148906 0.070627384 0.002221829 0.997500360 62.436374664
0.997386038 0.018970722 -0.069722660 -95.071968079 -0.019441124 0.999792576 -0.006074386 0.343432873 0.069592945 0.007413994 0.997547925 63.365478516
0.997339785 0.023716433 -0.068927199 -95.152374268 -0.024568506 0.999631584 -0.011540592 0.316397488 0.068628103 0.013203328 0.997554958 64.377822876
0.997426271 0.023727292 -0.067660920 -95.232208252 -0.024620106 0.999620020 -0.012392126 0.285043448 0.067341186 0.014026049 0.997631490 65.395500183
0.997509181 0.019887766 -0.067675143 -95.297187805 -0.020364458 0.999772310 -0.006361185 0.269818276 0.067533232 0.007723508 0.997687101 66.295791626
0.997468472 0.018985266 -0.068528764 -95.363517761 -0.018865649 0.999819100 0.002392294 0.253308535 0.068561800 -0.001093399 0.997646213 67.319221497
0.997431099 0.018980484 -0.069072336 -95.442047119 -0.018290162 0.999776363 0.010612989 0.221448362 0.069258340 -0.009322383 0.997555137 68.306838989
0.997319877 0.015601908 -0.071481287 -95.513084412 -0.015054564 0.999853134 0.008189548 0.221475184 0.071598552 -0.007091479 0.997408330 69.183425903
0.997260630 0.011349115 -0.073091425 -95.586334229 -0.011019761 0.999927163 0.004907765 0.207842842 0.073141806 -0.004088871 0.997313142 70.164466858
0.997064590 0.009402924 -0.075984530 -95.663284302 -0.009156753 0.999951661 0.003587486 0.189782664 0.076014593 -0.002881184 0.997102559 71.065437317
0.996830702 0.012130210 -0.078622356 -95.746887207 -0.012034205 0.999926150 0.001694816 0.166685805 0.078637116 -0.000743287 0.996902943 72.021232605
0.996561170 0.013131434 -0.081813857 -95.843200684 -0.013310382 0.999909997 -0.001642213 0.152123183 0.081784926 0.002725539 0.996646285 72.982658386
0.996247232 0.013937953 -0.085423283 -95.935485840 -0.014462945 0.999880075 -0.005529986 0.142313629 0.085335970 0.006744706 0.996329427 73.831901550
0.995963931 0.016585294 -0.088209249 -96.031112671 -0.017500052 0.999800622 -0.009607051 0.122702539 0.088032350 0.011111941 0.996055663 74.769805908
0.995595396 0.021229692 -0.091318943 -96.136222839 -0.022159582 0.999712229 -0.009180978 0.092708558 0.091097757 0.011164128 0.995779514 75.647422791
0.995189786 0.024121085 -0.094950460 -96.240646362 -0.024959952 0.999659181 -0.007656901 0.075005636 0.094733410 0.009990027 0.995452642 76.587684631
0.994755566 0.027931226 -0.098393098 -96.348533630 -0.028205127 0.999601185 -0.001393600 0.050143786 0.098314933 0.004161481 0.995146632 77.481742859
0.994358003 0.027592989 -0.102424957 -96.453010559 -0.027345229 0.999618769 0.003822488 0.038218766 0.102491379 -0.001000087 0.994733334 78.423309326
0.993804455 0.027293531 -0.107739121 -96.549598694 -0.026609834 0.999615610 0.007778634 0.020825900 0.107910000 -0.004863522 0.994148731 79.335372925
0.993141174 0.026334824 -0.113916762 -96.660476685 -0.025474072 0.999634922 0.009005305 0.008852843 0.114112303 -0.006041615 0.993449509 80.256767273
0.992511332 0.024544992 -0.119660653 -96.779380798 -0.023205658 0.999651611 0.012573572 -0.000166025 0.119927585 -0.009702609 0.992735207 81.148902893
0.991623938 0.025953606 -0.126524627 -96.895568848 -0.024614070 0.999623299 0.012139411 -0.005204636 0.126792058 -0.008923442 0.991889179 82.047119141
0.990760148 0.029859956 -0.132297710 -97.032913208 -0.028582681 0.999524713 0.011543559 -0.016604040 0.132579520 -0.007655478 0.991142750 82.940536499
0.989928424 0.031946287 -0.137916803 -97.171821594 -0.031145753 0.999483109 0.007959175 -0.023801243 0.138099819 -0.003583491 0.990411758 83.819541931
0.989086390 0.030658005 -0.144111216 -97.307357788 -0.030245101 0.999529779 0.005055597 -0.031730872 0.144198418 -0.000641763 0.989548564 84.698272705
0.988234639 0.031485360 -0.149669036 -97.440971375 -0.031244621 0.999504030 0.003960226 -0.041734409 0.149719477 0.000762721 0.988728285 85.570327759
0.987475395 0.033938199 -0.154079825 -97.597854614 -0.032963835 0.999417186 0.008874906 -0.045024969 0.154291198 -0.003684692 0.988018453 86.471847534
0.986432970 0.034686986 -0.160458267 -97.740928650 -0.033010028 0.999369085 0.013105746 -0.057046264 0.160811633 -0.007631208 0.986955523 87.341278076
0.985512614 0.033665080 -0.166226923 -97.905776978 -0.031525899 0.999383032 0.015491607 -0.065553792 0.166645855 -0.010026722 0.985965848 88.228881836
0.984331667 0.031771265 -0.173440561 -98.059402466 -0.030229043 0.999476552 0.011526864 -0.065229170 0.173715994 -0.006103314 0.984776795 89.096931458
0.982861280 0.029619383 -0.181951731 -98.224143982 -0.029341387 0.999560535 0.004220101 -0.067511834 0.181996778 0.001190943 0.983298361 89.948165894
0.981199503 0.027016530 -0.191096187 -98.396621704 -0.027041174 0.999631226 0.002479287 -0.076880880 0.191092730 0.002734790 0.981568158 90.801071167
0.979096055 0.026673550 -0.201641455 -98.582878113 -0.026094647 0.999644220 0.005529040 -0.092033662 0.201717168 -0.000151698 0.979443789 91.658454895
0.976786077 0.026801610 -0.212533712 -98.780044556 -0.024857612 0.999621212 0.011814053 -0.094217971 0.212769851 -0.006256723 0.977082253 92.510833740
0.974162757 0.029312313 -0.223936707 -98.990608215 -0.025547164 0.999479771 0.019692900 -0.099363446 0.224397436 -0.013463140 0.974404693 93.345924377
0.971292198 0.028754458 -0.236145243 -99.185005188 -0.023966677 0.999445379 0.023120781 -0.105013512 0.236679092 -0.016797422 0.971442580 94.214981079
0.968398035 0.032237966 -0.247317538 -99.418777466 -0.028641306 0.999425411 0.018127538 -0.100968719 0.247759834 -0.010471178 0.968764901 95.049247742
0.965237737 0.032077465 -0.259397835 -99.659187317 -0.030700207 0.999484837 0.009359933 -0.103684805 0.259564430 -0.001070998 0.965725183 95.879570007
0.961814284 0.029318631 -0.272128046 -99.881042480 -0.029217111 0.999563277 0.004425839 -0.099630013 0.272139013 0.003693961 0.962250769 96.676002502
0.958317578 0.027803520 -0.284349352 -100.138366699 -0.026257800 0.999612510 0.009247191 -0.104126051 0.284496278 -0.001395356 0.958676219 97.519279480
0.954845250 0.029438427 -0.295641601 -100.388679504 -0.025671776 0.999532282 0.016615005 -0.102873825 0.295992523 -0.008275116 0.955154419 98.308799744
0.951179028 0.029762242 -0.307201385 -100.672859192 -0.024139799 0.999464512 0.022086611 -0.105425313 0.307694256 -0.013592545 0.951388180 99.130622864
0.947132528 0.027050326 -0.319700241 -100.966217041 -0.021638757 0.999556363 0.020467779 -0.105466358 0.320112079 -0.012467784 0.947297633 99.960884094
0.943116963 0.025007330 -0.331519336 -101.231674194 -0.020966478 0.999655962 0.015760414 -0.101190843 0.331799418 -0.007913115 0.943316758 100.716964722
0.940213323 0.021350749 -0.339916050 -101.542350769 -0.019403579 0.999770105 0.009126775 -0.110722274 0.340032727 -0.001985526 0.940411389 101.513519287
0.937292457 0.017045783 -0.348126799 -101.822616577 -0.017034592 0.999850094 0.003093219 -0.110125370 0.348127365 0.003030948 0.937442362 102.288467407
0.934473276 0.016738735 -0.355639696 -102.140991211 -0.017431911 0.999847233 0.001255548 -0.118335143 0.355606377 0.005026205 0.934622288 103.106887817
0.931588471 0.022456899 -0.362820297 -102.494285583 -0.023594053 0.999720693 0.001297286 -0.130589142 0.362748086 0.007351865 0.931858182 103.902992249
0.928364515 0.022282107 -0.371002465 -102.780303955 -0.022623334 0.999738157 0.003432791 -0.140972406 0.370981842 0.005206432 0.928625464 104.659561157
0.925165653 0.023006313 -0.378865659 -103.116622925 -0.020591324 0.999733627 0.010425329 -0.145159766 0.379004598 -0.001843811 0.925392926 105.473091125
0.922273040 0.025336381 -0.385707825 -103.444328308 -0.019782538 0.999635696 0.018361691 -0.145326555 0.386032552 -0.009304216 0.922438264 106.248748779
0.919857860 0.036379155 -0.390561223 -103.829406738 -0.028847722 0.999267697 0.025134878 -0.152849466 0.391189635 -0.011853711 0.920233786 107.047393799
0.916889250 0.042386547 -0.396884650 -104.160980225 -0.036503270 0.999083042 0.022369802 -0.149743676 0.397468925 -0.006023044 0.917595863 107.802635193
0.914367855 0.038219701 -0.403076231 -104.507026672 -0.035197373 0.999269068 0.014906406 -0.146552026 0.403351367 0.000557285 0.915044963 108.599563599
0.912563682 0.030949784 -0.407761693 -104.852867126 -0.030678099 0.999503255 0.007206893 -0.143192947 0.407782286 0.005932605 0.913059890 109.349555969
0.910786450 0.031180622 -0.411698610 -105.223114014 -0.031321887 0.999488771 0.006405490 -0.142511800 0.411687940 0.007061146 0.911297441 110.156204224
0.908647835 0.038230035 -0.415809453 -105.590782166 -0.036582172 0.999259353 0.011931935 -0.149927378 0.415957689 0.004369286 0.909373403 110.910743713
0.906175315 0.040771250 -0.420932353 -105.987648010 -0.037329827 0.999168038 0.016415859 -0.154632702 0.421251476 0.000837687 0.906943500 111.729255676
0.903727651 0.036596637 -0.426540822 -106.361793518 -0.033726256 0.999329090 0.014284045 -0.157888934 0.426777333 0.001476739 0.904355586 112.542449951
0.901620567 0.035161559 -0.431096315 -106.711807251 -0.035073217 0.999351442 0.008156005 -0.168150425 0.431103498 0.007766311 0.902269065 113.232757568
