1.000000000 0.000000000 0.000000000 0.000000000 0.000000000 0.999961495 0.000000000 -0.000065506 0.000000000 0.000000000 0.999961495 0.000000001
0.999992788 -0.001960255 -0.003258636 -0.007382214 0.001952258 0.999995112 -0.002455260 -0.001401069 0.003263433 0.002448881 0.999991715 0.661212742
0.999974072 -0.000911908 -0.007146638 -0.021493526 0.000883349 0.999991596 -0.003998251 -0.004653233 0.007150224 0.003991834 0.999966502 1.374396920
0.999938488 -0.000751376 -0.011066747 -0.036138918 0.000690700 0.999984682 -0.005485563 -0.008721437 0.011070698 0.005477581 0.999923766 2.097074747
0.999874294 0.000644427 -0.015840657 -0.056596037 -0.000743788 0.999980092 -0.006267476 -0.010552187 0.015836302 0.006278471 0.999854863 2.840046644
0.999797583 -0.000264800 -0.020114530 -0.076963961 0.000132569 0.999978304 -0.006574969 -0.017801790 0.020115837 0.006570971 0.999776065 3.602938175
0.999695837 0.001465511 -0.024618829 -0.101269133 -0.001658956 0.999967873 -0.007839044 -0.026824310 0.024606552 0.007877501 0.999666095 4.375727177
0.999562681 0.003699007 -0.029338660 -0.135025769 -0.003954866 0.999954581 -0.008667648 -0.031664308 0.029305264 0.008779885 0.999531925 5.125284672
0.999417841 0.004386602 -0.033831768 -0.163227633 -0.004626656 0.999964654 -0.007020539 -0.039225824 0.033799775 0.007172979 0.999402940 5.987141132
0.999267638 0.003559806 -0.038098231 -0.197925597 -0.003727386 0.999983668 -0.004328482 -0.047493499 0.038082205 0.004467320 0.999264657 6.812219620
0.999142528 0.003418881 -0.041261781 -0.244101852 -0.003469747 0.999993205 -0.001161216 -0.063186474 0.041257542 0.001303389 0.999147654 7.597313404
0.999014616 0.004887287 -0.044110782 -0.277796715 -0.004987241 0.999985278 -0.002156209 -0.070932381 0.044099599 0.002374076 0.999024272 8.485183716
0.998911142 0.004252593 -0.046458907 -0.319192469 -0.004357845 0.999988198 -0.002164433 -0.079452880 0.046449158 0.002364536 0.998917878 9.286308289
0.998815417 0.001487366 -0.048636481 -0.352469981 -0.001640253 0.999993801 -0.003103693 -0.082966499 0.048631564 0.003179793 0.998811662 10.206105232
0.998715103 0.001059457 -0.050665915 -0.397825420 -0.001179488 0.999996603 -0.002339209 -0.088871807 0.050663270 0.002395964 0.998712897 11.029164314
0.998659134 -0.000307677 -0.051766921 -0.451958776 0.000179649 0.999996901 -0.002477797 -0.101230405 0.051767521 0.002465174 0.998656154 11.979913712
0.998561621 0.002091083 -0.053573880 -0.506438792 -0.002339560 0.999986827 -0.004575713 -0.113656774 0.053563602 0.004694471 0.998553455 12.828128815
0.998487711 0.002376633 -0.054923587 -0.560926020 -0.002793104 0.999967933 -0.007507226 -0.121924132 0.054903977 0.007649281 0.998462319 13.799254417
0.998377264 0.006291533 -0.056597650 -0.619960308 -0.006803695 0.999937594 -0.008861023 -0.141234294 0.056538362 0.009231716 0.998357773 14.660526276
0.998290658 0.007316117 -0.057984475 -0.675106287 -0.007819901 0.999933600 -0.008466124 -0.158207417 0.057918679 0.008905085 0.998281538 15.663721085
0.998232305 0.006211638 -0.059106909 -0.732989073 -0.006641489 0.999952912 -0.007078786 -0.170181155 0.059060156 0.007458831 0.998226464 16.565929413
0.998154879 0.007433049 -0.060261745 -0.809108019 -0.007790789 0.999953389 -0.005703632 -0.185808331 0.060216550 0.006162594 0.998166263 17.573282242
0.998116612 0.007112823 -0.060931262 -0.872694492 -0.007457369 0.999957502 -0.005429140 -0.207226470 0.060890056 0.005873301 0.998127162 18.473974228
0.997976899 0.006728330 -0.063220248 -0.930309057 -0.007139054 0.999954820 -0.006273088 -0.218919903 0.063175172 0.006711729 0.997979879 19.512594223
0.997955799 0.005696766 -0.063653164 -1.000984430 -0.006175824 0.999954045 -0.007331841 -0.230375469 0.063608468 0.007709964 0.997945130 20.419733047
0.997871041 0.005399664 -0.064994387 -1.051518798 -0.005750404 0.999969900 -0.005210606 -0.247401878 0.064964309 0.005573258 0.997871995 21.465080261
0.997837543 0.006652503 -0.065391168 -1.117719650 -0.006795218 0.999975026 -0.001960297 -0.259935558 0.065376490 0.002400406 0.997857749 22.395383835
0.997890413 0.007123316 -0.064528510 -1.185552716 -0.007018594 0.999973595 0.001849425 -0.267337173 0.064539984 -0.001392625 0.997914135 23.455554962
0.998002648 0.006135778 -0.062872738 -1.249233842 -0.005864346 0.999972641 0.004500791 -0.270176858 0.062898643 -0.004123094 0.998011470 24.419946671
0.998078644 0.007021614 -0.061560236 -1.306889057 -0.006723620 0.999964654 0.005046497 -0.276655883 0.061593495 -0.004622893 0.998090625 25.478700638
0.998171866 0.006852100 -0.060050372 -1.372292042 -0.006715243 0.999974310 0.002480550 -0.289231449 0.060065836 -0.002072762 0.998192310 26.447965622
0.998209596 0.007985516 -0.059277974 -1.431916595 -0.008156328 0.999963224 -0.002640152 -0.290847570 0.059254710 0.003118915 0.998238027 27.490409851
0.998283565 0.007505231 -0.058082286 -1.488055348 -0.007865192 0.999951243 -0.005971299 -0.298435330 0.058034632 0.006417878 0.998293936 28.467130661
0.998324573 0.004909157 -0.057654101 -1.541025162 -0.005196772 0.999974728 -0.004839742 -0.307787597 0.057628885 0.005131248 0.998324811 29.520864487
0.998327315 0.003864577 -0.057685006 -1.603991985 -0.003868532 0.999992490 0.000043104 -0.321239352 0.057684738 0.000180125 0.998334765 30.543539047
0.998327553 0.000099994 -0.057812601 -1.673877239 0.000102077 0.999993920 0.003492326 -0.333590269 0.057812598 -0.003492387 0.998321354 31.545301437
0.998178005 -0.006501071 -0.059985291 -1.706513882 0.006653578 0.999975085 0.002343017 -0.339931905 0.059968565 -0.002737865 0.998196542 32.604408264
0.998098910 -0.009411293 -0.060910188 -1.775553346 0.009372544 0.999955595 -0.000921883 -0.357540488 0.060916170 0.000349248 0.998142838 33.603084564
0.997979403 -0.009158163 -0.062874995 -1.830550075 0.008862478 0.999948323 -0.004980014 -0.361754060 0.062917352 0.004412723 0.998008966 34.662334442
0.997838974 -0.007809744 -0.065241031 -1.894170761 0.007448074 0.999955475 -0.005784996 -0.372188538 0.065283298 0.005286574 0.997852802 35.701194763
0.997828066 -0.007533564 -0.065440945 -1.981799364 0.007255963 0.999963641 -0.004478625 -0.392044812 0.065472297 0.003994061 0.997846425 36.739273071
0.997734010 -0.004416693 -0.067136690 -2.046321630 0.004288084 0.999988675 -0.002059609 -0.400077373 0.067145042 0.001767054 0.997741640 37.811401367
0.997611165 -0.004349044 -0.068942159 -2.108840227 0.004323748 0.999990523 -0.000516132 -0.416754544 0.068943761 0.000216810 0.997620463 38.877109528
0.997568130 -0.003258788 -0.069622338 -2.193548203 0.003386801 0.999992728 0.001720716 -0.421761543 0.069616221 -0.001952328 0.997571886 39.917503357
0.997558594 -0.003285147 -0.069757164 -2.264143944 0.003638690 0.999981165 0.004941749 -0.436972260 0.069739625 -0.005183510 0.997551739 40.964809418
0.997552752 0.003627537 -0.069824018 -2.340768576 -0.003160904 0.999971986 0.006792304 -0.444261283 0.069846697 -0.006554975 0.997536242 41.986686707
0.997526169 0.002835948 -0.070238717 -2.435063839 -0.002395026 0.999976873 0.006360909 -0.447456032 0.070255153 -0.006176949 0.997509897 43.058959961
0.997511923 0.002956067 -0.070435375 -2.508273125 -0.002661400 0.999987245 0.004276977 -0.446442306 0.070447125 -0.004078879 0.997507095 44.109703064
0.997529030 0.004885397 -0.070085160 -2.602485180 -0.004768587 0.999986947 0.001833906 -0.445664853 0.070093207 -0.001495166 0.997539341 45.154209137
0.997429669 0.004918591 -0.071482897 -2.669945478 -0.004794871 0.999986708 0.001902256 -0.458148599 0.071491301 -0.001554615 0.997440040 46.187877655
0.997408926 0.003498265 -0.071854763 -2.760029078 -0.003322287 0.999991179 0.002568445 -0.468160629 0.071863107 -0.002323067 0.997411847 47.223232269
0.997324705 0.003715036 -0.073004454 -2.825236082 -0.003417573 0.999985278 0.004199082 -0.481125146 0.073018976 -0.003938350 0.997322738 48.223731995
0.997266948 0.006110191 -0.073629491 -2.908645868 -0.006087149 0.999981284 0.000537335 -0.496638268 0.073631398 -0.000087674 0.997285366 49.250358582
0.997233808 0.006947801 -0.074003011 -2.999253035 -0.007265352 0.999965549 -0.004022727 -0.503583312 0.073972516 0.004549255 0.997249782 50.270435333
0.997128665 0.007603299 -0.075343259 -3.059427738 -0.008012083 0.999954760 -0.005124842 -0.513483524 0.075300887 0.005713782 0.997144461 51.247817993
0.997130573 0.006026838 -0.075460605 -3.134968042 -0.006147771 0.999980211 -0.001370401 -0.532763302 0.075450845 0.001830382 0.997147799 52.265724182
0.997087657 0.004776582 -0.076113239 -3.205873728 -0.004675628 0.999987841 0.001504501 -0.547933996 0.076119497 -0.001144242 0.997098029 53.248584747
0.997060120 0.002398087 -0.076584198 -3.283519506 -0.002223003 0.999994636 0.002371321 -0.557058275 0.076589465 -0.002194102 0.997060359 54.254650116
0.997069776 -0.000561993 -0.076494284 -3.355186224 0.000629732 0.999999404 0.000861419 -0.571378350 0.076493748 -0.000907066 0.997069597 55.209617615
0.997059941 -0.002747840 -0.076576360 -3.436441898 0.002674574 0.999995828 -0.001059319 -0.573775470 0.076578960 0.000851395 0.997063041 56.189987183
0.996933579 -0.005184978 -0.078079693 -3.513324976 0.005204593 0.999986470 0.000047719 -0.584000945 0.078078389 -0.000453946 0.996947050 57.195873260
0.996877789 -0.007768129 -0.078577168 -3.582601547 0.008174026 0.999954760 0.004845272 -0.605655670 0.078535967 -0.005472436 0.996896267 58.118919373
0.996856093 -0.008076971 -0.078820929 -3.666198969 0.008880001 0.999912143 0.009842866 -0.615283787 0.078734502 -0.010511851 0.996840239 59.097332001
0.996822834 -0.006387058 -0.079393975 -3.745727777 0.007352600 0.999902546 0.011875057 -0.622888923 0.079310365 -0.012421083 0.996772587 60.054431915
0.996713996 -0.005177275 -0.080835521 -3.827218533 0.005844010 0.999950767 0.008013623 -0.625845909 0.080790058 -0.008459693 0.996695220 61.014324188
0.996645689 -0.003488530 -0.081762910 -3.917955637 0.003504607 0.999993861 0.000053103 -0.634068668 0.081762224 -0.000339471 0.996651828 61.955451965
0.996530294 -0.001962437 -0.083207533 -3.990095139 0.001593422 0.999988616 -0.004501044 -0.645094812 0.083215408 0.004352842 0.996522069 62.892959595
0.996483684 0.003012864 -0.083733551 -4.082424641 -0.003329666 0.999987841 -0.003644061 -0.658316910 0.083721556 0.003910051 0.996481538 63.796493530
0.996362209 0.005073408 -0.085067235 -4.158588409 -0.005209998 0.999985456 -0.001383744 -0.676104128 0.085058957 0.001821911 0.996374249 64.752037048
0.996297300 0.008554755 -0.085547321 -4.249979019 -0.008582428 0.999963164 0.000044291 -0.694796681 0.085544556 0.000690076 0.996334016 65.640914917
0.996130168 0.008628582 -0.087465160 -4.321402073 -0.008658327 0.999962449 0.000039294 -0.711100042 0.087462209 0.000718160 0.996167600 66.582099915
0.995995879 0.010363173 -0.088797361 -4.409088135 -0.010331034 0.999946296 0.000821531 -0.725604236 0.088801108 0.000099127 0.996049345 67.454818726
0.995829880 0.011258787 -0.090532370 -4.478353024 -0.011158636 0.999936461 0.001612334 -0.742913127 0.090544768 -0.000595392 0.995892227 68.336547852
0.995682120 0.010632310 -0.092217259 -4.548837662 -0.010486077 0.999942899 0.002070147 -0.754886925 0.092233986 -0.001094211 0.995736837 69.162078857
0.995603859 0.010722715 -0.093048155 -4.650072575 -0.010466858 0.999939978 0.003237344 -0.765760720 0.093077295 -0.002249190 0.995656312 70.024368286
0.995450974 0.013667202 -0.094289735 -4.739577770 -0.013200140 0.999897361 0.005575434 -0.771454275 0.094356254 -0.004305433 0.995529175 70.847084045
0.995315671 0.015264844 -0.095465630 -4.820612907 -0.014356501 0.999844909 0.010194506 -0.785765231 0.095606431 -0.008776199 0.995380521 71.670860291
0.995116115 0.018690815 -0.096925117 -4.903352737 -0.017611327 0.999773145 0.011980978 -0.795369267 0.097127043 -0.010215486 0.995219529 72.448059082
0.994941592 0.021491304 -0.098129138 -4.999652386 -0.020837627 0.999753356 0.007681512 -0.801654816 0.098270036 -0.005597876 0.995144069 73.244773865
0.994825900 0.021745741 -0.099240012 -5.075259209 -0.021798396 0.999762237 0.000553821 -0.816819429 0.099228464 0.001612319 0.995063365 73.961898804
0.994678617 0.020441020 -0.100978166 -5.154544353 -0.021092845 0.999762952 -0.005391476 -0.823050797 0.100844018 0.007492702 0.994874060 74.731430054
0.994631112 0.021061346 -0.101317897 -5.227425575 -0.021830535 0.999740660 -0.006488925 -0.831145823 0.101154946 0.008665910 0.994832993 75.425315857
0.994488358 0.023951156 -0.102074325 -5.311058044 -0.024382997 0.999698400 -0.002984900 -0.845386028 0.101972021 0.005457326 0.994772315 76.149513245
0.994364202 0.024398446 -0.103172265 -5.381536007 -0.024619397 0.999696672 -0.000868510 -0.859780312 0.103119746 0.003403654 0.994663179 76.801666260
0.994309783 0.021136394 -0.104409069 -5.440602303 -0.021679347 0.999756694 -0.004068005 -0.876671970 0.104297675 0.006308377 0.994526207 77.435173035
0.994451165 0.012937464 -0.104402028 -5.507981777 -0.013931835 0.999864161 -0.008800775 -0.900925636 0.104274020 0.010206450 0.994496226 78.117492676
0.994654596 0.009086253 -0.102857664 -5.572241306 -0.010601156 0.999843121 -0.014191070 -0.904914379 0.102712587 0.015205622 0.994594812 78.716148376
0.994904757 0.011257702 -0.100188792 -5.618850708 -0.012777252 0.999812663 -0.014538096 -0.916083455 0.100006349 0.015744157 0.994862199 79.292976379
0.995250523 0.016301842 -0.095971994 -5.696350574 -0.017456846 0.999784768 -0.011207455 -0.937299609 0.095768638 0.012829592 0.995320916 79.934906006
0.995694697 0.014459210 -0.091557600 -5.739682198 -0.015279946 0.999849021 -0.008269520 -0.947850347 0.091424204 0.009632913 0.995765388 80.473838806
0.996280074 0.011183660 -0.085445888 -5.778695107 -0.011578664 0.999924362 -0.004128649 -0.960348666 0.085393257 0.005102640 0.996334255 81.015884399
0.996957898 0.006696262 -0.077654108 -5.811341763 -0.006752532 0.999977112 -0.000462065 -0.982058644 0.077649243 0.000985021 0.996980190 81.617263794
0.997730792 0.010671397 -0.066478834 -5.850793362 -0.010756431 0.999941707 -0.000921320 -0.985686719 0.066465132 0.001634304 0.997787356 82.132804871
0.998553872 0.015775247 -0.051393740 -5.868449688 -0.015852034 0.999873757 -0.001086793 -1.003362894 0.051370110 0.001899917 0.998677850 82.633468628
0.999273360 0.020649171 -0.032036148 -5.900952816 -0.020687670 0.999785602 -0.000870786 -1.008925080 0.032011297 0.001532907 0.999486327 83.118965149
0.999759912 0.018866025 -0.011143914 -5.882913113 -0.018872503 0.999821901 -0.000476525 -1.014233947 0.011132938 0.000686725 0.999937773 83.671768188
0.999755800 0.015580530 0.015670402 -5.856507301 -0.015592664 0.999878168 0.000652299 -1.026343584 -0.015658326 -0.000896483 0.999877036 84.133888245
0.998904228 0.014573948 0.044472784 -5.805370808 -0.014658436 0.999891341 0.001574276 -1.030514717 -0.044445012 -0.002224453 0.999009371 84.615867615
0.996856034 0.013983833 0.077990010 -5.752865791 -0.014271594 0.999893248 0.003133527 -1.044432640 -0.077937871 -0.004236716 0.996949196 85.055442810
0.993196249 0.014489554 0.115547612 -5.674036026 -0.014882905 0.999886096 0.002542184 -1.038353324 -0.115497611 -0.004244572 0.993298650 85.496238708
0.987615228 0.014106116 0.156259418 -5.580968857 -0.014775228 0.999885976 0.003121302 -1.056541920 -0.156197578 -0.005391413 0.987711251 85.937728882
0.979580104 0.014201322 0.200551808 -5.472226143 -0.015024138 0.999883831 0.002581265 -1.058193088 -0.200491846 -0.005541674 0.979679763 86.314811707
0.968003094 0.016230641 0.250413030 -5.336328506 -0.016847514 0.999857962 0.000319891 -1.068118334 -0.250372291 -0.004528492 0.968139052 86.752304077
0.952808261 0.016605264 0.303118169 -5.178069592 -0.016818602 0.999856710 -0.001906794 -1.092124820 -0.303106457 -0.003281216 0.952951074 87.147804260
0.933339953 0.016782718 0.358601153 -4.999755859 -0.016325874 0.999857485 -0.004302090 -1.099386692 -0.358622223 -0.001839165 0.933481097 87.509399414
0.909266591 0.016870085 0.415872216 -4.807560921 -0.015922027 0.999856770 -0.005747676 -1.111163259 -0.415909588 -0.001395360 0.909404933 87.852462769
0.880357981 0.017666463 0.473980635 -4.568147659 -0.015277098 0.999843657 -0.008891475 -1.110309005 -0.474063605 0.000586633 0.880490541 88.219482422
0.846844137 0.016661298 0.531579971 -4.331664085 -0.012884737 0.999858439 -0.010812243 -1.123259783 -0.531684875 0.002307018 0.846939087 88.529159546
0.810102344 0.016431833 0.586058199 -4.063002586 -0.010898030 0.999856412 -0.012969630 -1.126939178 -0.586187124 0.004119847 0.810165286 88.830200195
0.770929158 0.014451802 0.636756837 -3.768411636 -0.009331579 0.999891520 -0.011395632 -1.148311496 -0.636852503 0.002843277 0.770980299 89.107955933
0.728402197 0.013966179 0.685007393 -3.469820976 -0.010936830 0.999901831 -0.008756687 -1.165144086 -0.685062408 -0.001113422 0.728483438 89.366355896
0.683236659 0.013212198 0.730077446 -3.157673359 -0.009383500 0.999912560 -0.009313935 -1.164940596 -0.730136693 -0.000487059 0.683300912 89.603828430
0.636835575 0.011650573 0.770911634 -2.825407267 -0.005914422 0.999930203 -0.010225876 -1.178788304 -0.770976961 0.001952704 0.636860073 89.820030212
0.589880586 0.009293878 0.807436943 -2.485500574 -0.000283067 0.999936044 -0.011302809 -1.188823342 -0.807490468 0.006438752 0.589845419 90.010658264
0.543230891 0.011098662 0.839509964 -2.139635563 -0.002855868 0.999931216 -0.011371518 -1.211367130 -0.839578629 0.003779830 0.543225110 90.188316345
0.495782733 0.014207298 0.868330359 -1.789484143 -0.005467524 0.999897361 -0.013238207 -1.213421345 -0.868429303 0.001815657 0.495809615 90.359016418
0.450395375 0.016551157 0.892675757 -1.426334023 -0.006590023 0.999862492 -0.015213549 -1.226686835 -0.892804861 0.000969359 0.450442553 90.505409241
0.407904625 0.013960346 0.912917733 -1.056401372 0.001785841 0.999868989 -0.016087942 -1.229629159 -0.913022697 0.008192673 0.407826334 90.621765137
0.368840218 0.005844324 0.929474473 -0.664231956 0.017263573 0.999764681 -0.013136938 -1.240622401 -0.929332435 0.020891480 0.368652552 90.717491150
0.332923323 0.002476366 0.942950606 -0.286375552 0.020822929 0.999733388 -0.009977347 -1.248225451 -0.942723930 0.022956686 0.332782984 90.817367554
0.299426466 0.006878540 0.954094589 0.105048619 0.018043332 0.999754369 -0.012870319 -1.257572293 -0.953948736 0.021068759 0.299228817 90.924537659
0.268655866 0.014373080 0.963128984 0.496809870 0.007496852 0.999827206 -0.017011916 -1.274524331 -0.963207006 0.011790788 0.268501729 91.031585693
0.240599900 0.018524537 0.970447659 0.906087160 0.003093840 0.999798119 -0.019851850 -1.293125033 -0.970619380 0.007778762 0.240494043 91.119293213
0.214755625 0.020421943 0.976454258 1.326562166 0.004400611 0.999750972 -0.021877022 -1.310387969 -0.976657867 0.008995208 0.214612305 91.194953918
0.190398335 0.021903936 0.981462479 1.759853601 0.010877712 0.999642611 -0.024419881 -1.326181054 -0.981646657 0.015325570 0.190092012 91.260513306
0.171364188 0.027770981 0.984816372 2.200281382 0.018462097 0.999336600 -0.031392965 -1.329699397 -0.985034764 0.023561401 0.170737803 91.298858643
0.151546925 0.034453377 0.987849414 2.653386593 0.021411810 0.999043405 -0.038128592 -1.327156782 -0.988218129 0.026929917 0.150664255 91.354766846
0.134069204 0.035387564 0.990339935 3.131688833 0.018996304 0.999086738 -0.038271774 -1.345024824 -0.990790009 0.023943862 0.133274525 91.417343140
0.118471995 0.030946299 0.992475033 3.623327971 0.016831176 0.999307990 -0.033168502 -1.372904539 -0.992814839 0.020634061 0.117869139 91.471000671
0.103335135 0.028191958 0.994246960 4.118720055 0.017333219 0.999395430 -0.030139433 -1.394689560 -0.994495511 0.020347966 0.102783993 91.523048401
0.090661459 0.025387209 0.995558143 4.648426056 0.019145321 0.999445796 -0.027229838 -1.418268442 -0.995697677 0.021528980 0.090125188 91.554428101
0.079487450 0.024361597 0.996538162 5.182595730 0.022901822 0.999392927 -0.026258113 -1.437282562 -0.996572733 0.024909727 0.078881256 91.578834534
0.068938173 0.024900442 0.997310102 5.757109642 0.026613014 0.999286771 -0.026789399 -1.456943989 -0.997265875 0.028388236 0.068226345 91.613281250
0.061372586 0.025577966 0.997787058 6.327614784 0.028105987 0.999230862 -0.027343735 -1.475132942 -0.997719169 0.029721947 0.060606476 91.636840820
0.055643331 0.025981117 0.998112619 6.936015606 0.029542616 0.999180853 -0.027655877 -1.491272926 -0.998013556 0.031025708 0.054830197 91.665420532
0.050027385 0.027317375 0.998374283 7.543520927 0.031691577 0.999079108 -0.028924691 -1.507293224 -0.998244941 0.033087075 0.049115583 91.693305969
0.044005286 0.027940074 0.998640478 8.189378738 0.030561280 0.999103308 -0.029299712 -1.528383374 -0.998563707 0.031809073 0.043111939 91.715202332
0.039813489 0.028211437 0.998808801 8.848044395 0.033262547 0.999009967 -0.029542996 -1.544521451 -0.998653293 0.034399133 0.038835689 91.736846924
0.036770493 0.027749142 0.998938382 9.538090706 0.035371844 0.998951912 -0.029051539 -1.573908925 -0.998697460 0.036402542 0.035750408 91.757675171
0.033577088 0.027075121 0.999069333 10.234569550 0.035857938 0.998956800 -0.028277200 -1.601269960 -0.998792708 0.036774036 0.032571197 91.783256531
0.031119095 0.026587350 0.999162018 10.948859215 0.038603872 0.998868287 -0.027781861 -1.622449160 -0.998769879 0.039436072 0.030057503 91.802703857
0.031120535 0.026146190 0.999173641 11.679009438 0.043864191 0.998658955 -0.027498927 -1.649789095 -0.998552680 0.044683728 0.029931922 91.804908752
0.031591367 0.026029686 0.999161839 12.453011513 0.046188463 0.998554826 -0.027474251 -1.667083144 -0.998433113 0.047017701 0.030343439 91.836761475
0.034025617 0.025554778 0.999094248 13.226552010 0.048171666 0.998469174 -0.027179351 -1.697965503 -0.998259425 0.049052820 0.032742511 91.864974976
0.037778866 0.025783170 0.998953462 13.999198914 0.050199758 0.998355865 -0.027666228 -1.716108322 -0.998024523 0.051192418 0.036422439 91.894737244
0.042401124 0.025297102 0.998780489 14.822825432 0.050771043 0.998333275 -0.027441155 -1.745908380 -0.997809827 0.051872645 0.041046098 91.918449402
0.046249665 0.023508584 0.998653293 15.629099846 0.052459359 0.998286366 -0.025929449 -1.776810050 -0.997551560 0.053587932 0.044937171 91.964225769
0.050293356 0.021977661 0.998492658 16.496866226 0.051983118 0.998345017 -0.024592768 -1.801456094 -0.997380733 0.053141620 0.049067661 92.001502991
0.054136910 0.019933917 0.998334587 17.345899582 0.048742197 0.998556018 -0.022581497 -1.823246956 -0.997343242 0.049883518 0.053087108 92.063438416
0.058408748 0.019240607 0.998107374 18.219091415 0.047537841 0.998626411 -0.022032503 -1.848010778 -0.997160196 0.048734762 0.057413865 92.119255066
0.062448636 0.019777758 0.997852325 19.101488113 0.045364682 0.998714030 -0.022633901 -1.880951047 -0.997016788 0.046680700 0.061471120 92.173233032
0.065507457 0.023507824 0.997575164 19.963111877 0.043266658 0.998715281 -0.026375871 -1.919534445 -0.996913671 0.044889558 0.064406186 92.233207703
0.067358121 0.028569452 0.997319818 20.859949112 0.037727173 0.998802066 -0.031159978 -1.956424475 -0.997015297 0.039724935 0.066199593 92.293617249
0.066560067 0.032302883 0.997259378 21.772533417 0.034188397 0.998815119 -0.034635112 -1.981141806 -0.997196436 0.036400013 0.065376841 92.381141663
0.067033052 0.032384340 0.997225046 22.673601151 0.031537130 0.998905003 -0.034558803 -2.011679173 -0.997252107 0.033766203 0.065938346 92.437171936
0.066715807 0.030089295 0.997318208 23.574472427 0.029331440 0.999054015 -0.032103788 -2.056724787 -0.997340798 0.031394612 0.065770142 92.517127991
0.066168442 0.028673777 0.997396410 24.471813202 0.029889809 0.999081433 -0.030705145 -2.099682570 -0.997360706 0.031843696 0.065250613 92.589103699
0.067258134 0.028207649 0.997336745 25.348192215 0.027477240 0.999168873 -0.030112468 -2.138831854 -0.997357070 0.029429367 0.066427164 92.654045105
0.067067124 0.028256563 0.997348249 26.262205124 0.026306147 0.999201298 -0.030078033 -2.179016590 -0.997401536 0.028253639 0.066270240 92.711791992
0.067175522 0.028559834 0.997332335 27.140653610 0.023164520 0.999276161 -0.030175749 -2.220616341 -0.997472227 0.025129797 0.066465318 92.770164490
0.065448709 0.030258592 0.997397006 28.039382935 0.020060642 0.999298215 -0.031632636 -2.257815599 -0.997654259 0.022078739 0.064795777 92.849472046
0.062791578 0.029718198 0.997584105 28.924385071 0.016905421 0.999381423 -0.030835837 -2.298304558 -0.997883499 0.018800806 0.062250338 92.910629272
0.059094321 0.028803047 0.997836769 29.822593689 0.015186838 0.999441981 -0.029748786 -2.331020355 -0.998136878 0.016911967 0.058623914 92.967872620
0.054517508 0.026131107 0.998170853 30.715696335 0.013047157 0.999553502 -0.026879907 -2.370829582 -0.998427570 0.014488715 0.054152228 93.013854980
0.048177995 0.024036832 0.998549521 31.601400375 0.010879874 0.999638498 -0.024587972 -2.405132532 -0.998779535 0.012048692 0.047899060 93.062156677
0.040607892 0.023973785 0.998887479 32.478916168 0.010155752 0.999650598 -0.024404960 -2.446375132 -0.999123633 0.011135489 0.040350232 93.102325439
0.032220252 0.025456769 0.999156654 33.367126465 0.010547125 0.999611259 -0.025808472 -2.471621990 -0.999425113 0.011369782 0.031939238 93.127731323
0.021747822 0.025814012 0.999430180 34.238986969 0.011008944 0.999599874 -0.026057951 -2.504054308 -0.999702871 0.011569373 0.021454934 93.149246216
0.011726200 0.025070386 0.999616921 35.115264893 0.012155360 0.999608159 -0.025212759 -2.534009933 -0.999857247 0.012446353 0.011416868 93.155960083
0.001604637 0.024579130 0.999696612 35.987888336 0.012595775 0.999618053 -0.024597418 -2.563005686 -0.999919355 0.012631422 0.001294433 93.145576477
-0.010372757 0.023136552 0.999678433 36.846618652 0.012484267 0.999657333 -0.023006525 -2.604132652 -0.999868274 0.012241609 -0.010658046 93.150108337
-0.021351505 0.023499720 0.999495804 37.709537506 0.012275220 0.999654531 -0.023241226 -2.638144016 -0.999696732 0.011772793 -0.021632593 93.132736206
-0.032386091 0.024349917 0.999178767 38.553295135 0.012942165 0.999629617 -0.023941414 -2.664468527 -0.999391615 0.012156168 -0.032689244 93.097236633
-0.042671196 0.025271384 0.998769462 39.399803162 0.013075651 0.999608576 -0.024733970 -2.699723959 -0.999003530 0.012004134 -0.042984933 93.053680420
-0.053504992 0.026554516 0.998214424 40.245803833 0.013134512 0.999578536 -0.025886783 -2.726751566 -0.998481214 0.011725985 -0.053831220 93.019401550
-0.063052803 0.027443694 0.997632802 41.088893890 0.014536645 0.999541044 -0.026577434 -2.763072252 -0.997904360 0.012826451 -0.063422814 92.964782715
-0.072867133 0.027751945 0.996955454 41.913776398 0.014858115 0.999532044 -0.026737696 -2.792559385 -0.997231126 0.012864579 -0.073245369 92.913063049
-0.082198694 0.028639810 0.996204317 42.748519897 0.015767494 0.999499261 -0.027433531 -2.813028097 -0.996491253 0.013452649 -0.082609110 92.856277466
-0.090811558 0.027489059 0.995488644 43.530948639 0.016525598 0.999522865 -0.026092947 -2.859227419 -0.995730996 0.014081501 -0.091222510 92.766822815
-0.098342247 0.026359314 0.994803488 44.323970795 0.018397208 0.999526441 -0.024665788 -2.893350840 -0.994982600 0.015875919 -0.098780617 92.688987732
-0.103225239 0.024945505 0.994345129 45.118103027 0.021036675 0.999516666 -0.022891378 -2.915356874 -0.994435549 0.018554747 -0.103700116 92.611053467
-0.106617786 0.023343287 0.994025946 45.878040314 0.024649214 0.999479175 -0.020827506 -2.948121309 -0.993994415 0.022281380 -0.107137643 92.499809265
-0.109683901 0.022318548 0.993715882 46.646266937 0.026415126 0.999460280 -0.019531926 -2.978598356 -0.993615448 0.024106797 -0.110214218 92.419120789
-0.111418396 0.021112649 0.993549407 47.381496429 0.025820917 0.999498248 -0.018343460 -3.007666826 -0.993438125 0.023610558 -0.111907646 92.337173462
-0.112262927 0.021396561 0.993448198 48.114608765 0.026559768 0.999475539 -0.018525030 -3.034510851 -0.993323624 0.024306078 -0.112772338 92.262779236
-0.111121677 0.022837248 0.993544400 48.824436188 0.027572641 0.999421895 -0.019888522 -3.054096460 -0.993424356 0.025184598 -0.111687109 92.173194885
-0.108065963 0.024804825 0.993834317 49.515968323 0.028922951 0.999343872 -0.021797365 -3.069802284 -0.993722975 0.026389061 -0.108712494 92.093582153
-0.103038184 0.024998108 0.994363248 50.187282562 0.028472571 0.999348581 -0.022173053 -3.104550362 -0.994269788 0.026027404 -0.103682823 92.032615662
-0.095182478 0.025745334 0.995126843 50.816093445 0.028355669 0.999329925 -0.023141896 -3.132015467 -0.995055854 0.026014782 -0.095848724 91.980316162
-0.083964169 0.025602341 0.996139824 51.459060669 0.026726844 0.999368072 -0.023432519 -3.158918142 -0.996110201 0.024656182 -0.084595390 91.933753967
-0.070194960 0.025839856 0.997198582 52.055774689 0.025947226 0.999373496 -0.024069736 -3.183897257 -0.997195780 0.024184963 -0.070821449 91.903717041
-0.053729277 0.027055554 0.998188972 52.634784698 0.025133582 0.999352813 -0.025734242 -3.215269089 -0.998239160 0.023705376 -0.054374497 91.904022217
-0.031861603 0.029831782 0.999046922 53.196807861 0.023613920 0.999297976 -0.029086180 -3.235324621 -0.999213278 0.022664687 -0.032543667 91.883659363
-0.007118445 0.032995861 0.999430120 53.760364532 0.022359472 0.999210894 -0.032829363 -3.263319016 -0.999724627 0.022113036 -0.007850597 91.896537781
0.021350835 0.034613714 0.999172688 54.315235138 0.019943861 0.999186933 -0.035040375 -3.287274122 -0.999573112 0.020675499 0.020643141 91.924827576
0.054362010 0.034169976 0.997936487 54.871295929 0.017489059 0.999228418 -0.035166919 -3.312281847 -0.998368084 0.019364715 0.053722456 91.974685669
0.093341328 0.031959582 0.995121181 55.396572113 0.016776048 0.999292314 -0.033667125 -3.338488817 -0.995492756 0.019836733 0.092739105 92.025558472
0.134958327 0.027433604 0.990471423 55.945941925 0.013455497 0.999473691 -0.029516349 -3.377407312 -0.990760028 0.017310759 0.134518117 92.132652283
0.180424690 0.023067394 0.983318329 56.463588715 0.010578162 0.999621630 -0.025390793 -3.401282310 -0.983531952 0.014982826 0.180112392 92.242660522
0.228153408 0.019758940 0.973424673 56.959087372 0.005566669 0.999751151 -0.021598054 -3.428807497 -0.973609328 0.010346401 0.227986634 92.410011292
0.280100286 0.017757820 0.959806502 57.495494843 0.000567309 0.999825656 -0.018663794 -3.457575083 -0.959970534 0.005772241 0.280041367 92.591903687
0.335304677 0.017782129 0.941941857 57.987140656 -0.000019875 0.999822021 -0.018867726 -3.466227293 -0.942109704 0.006307717 0.335245371 92.789741516
0.392388821 0.018267207 0.919618070 58.460220337 0.001985331 0.999783635 -0.020706723 -3.485825539 -0.919797242 0.009950832 0.392267644 93.040023804
0.450671077 0.011449534 0.892616689 58.897106171 0.003373618 0.999888778 -0.014528804 -3.629216909 -0.892683685 0.009559059 0.450582266 93.325195312
0.510103285 0.015299668 0.859977126 59.319736481 0.005689548 0.999759972 -0.021161322 -3.631090879 -0.860094249 0.015687339 0.509893775 93.614379883
0.566982150 0.021140631 0.823458672 59.635910034 0.001146215 0.999649405 -0.026453193 -3.629729033 -0.823729336 0.015942350 0.566759229 93.915100098
0.621265352 0.024246648 0.783225060 59.972240448 -0.002231352 0.999571860 -0.029174250 -3.637633324 -0.783597112 0.016377300 0.621053398 94.272605896
0.674779177 0.027290504 0.737514853 60.307601929 -0.005266954 0.999468744 -0.032164734 -3.640363932 -0.738000810 0.017819637 0.674564421 94.611564636
0.722625315 0.027970279 0.690673828 60.611164093 -0.006984620 0.999425471 -0.033166084 -3.637015581 -0.691204607 0.019142553 0.722405553 95.024131775
0.769272506 0.021037340 0.638574362 60.915622711 -0.006502873 0.999663830 -0.025099320 -3.678930998 -0.638887703 0.015155653 0.769150674 95.405799866
0.809395194 0.016209658 0.587040603 61.158245087 -0.006444113 0.999803960 -0.018722124 -3.685351372 -0.587228954 0.011370639 0.809341013 95.858901978
0.846759260 0.014151412 0.531787992 61.375381470 -0.009151024 0.999885619 -0.012036900 -3.696095467 -0.531897545 0.005325955 0.846791983 96.268028259
0.878322065 0.009089797 0.477983087 61.595672607 -0.008065129 0.999958694 -0.004196052 -3.714344263 -0.478001505 -0.000169508 0.878359020 96.741630554
0.903694332 0.011415855 0.428025872 61.737323761 -0.012793804 0.999918103 0.000342903 -3.713465929 -0.427986950 -0.005785961 0.903766394 97.162361145
0.923647702 0.012826927 0.383027911 61.892581940 -0.015686689 0.999867499 0.004343667 -3.728009939 -0.382921427 -0.010020456 0.923726618 97.664550781
0.939214170 0.019166494 0.342796385 62.009765625 -0.022762615 0.999719977 0.006469860 -3.728138447 -0.342576385 -0.013879528 0.939387441 98.105262756
0.950982034 0.022942074 0.308393955 62.136444092 -0.026078470 0.999641597 0.006051689 -3.736360073 -0.308144629 -0.013797489 0.951239526 98.621253967
0.960033715 0.025942618 0.278679490 62.258377075 -0.028623000 0.999574780 0.005552815 -3.728622675 -0.278416991 -0.013307534 0.960368097 99.153968811
0.966749430 0.019469934 0.254983157 62.373638153 -0.021634925 0.999749720 0.005688554 -3.728887081 -0.254808664 -0.011015948 0.966928720 99.570632935
0.970574677 0.016204629 0.240254641 62.502155304 -0.018171607 0.999817014 0.005973828 -3.727194309 -0.240113884 -0.010163859 0.970691562 100.126480103
0.973444939 0.020724632 0.227981538 62.616779327 -0.022519296 0.999732554 0.005273251 -3.730883598 -0.227811277 -0.010267204 0.973651111 100.690269470
0.975778103 0.025836036 0.217231661 62.695980072 -0.027880281 0.999591231 0.006350346 -3.728152275 -0.216978759 -0.012253010 0.976099432 101.132896423
0.976637900 0.033447582 0.212272450 62.800243378 -0.035146818 0.999373198 0.004235578 -3.716901541 -0.211997703 -0.011597326 0.977201402 101.725334167
0.976660013 0.040664356 0.210906669 62.908260345 -0.041767452 0.999127090 0.000776374 -3.728117228 -0.210690975 -0.009567288 0.977505982 102.328605652
0.977371335 0.040667679 0.207584620 63.015293121 -0.041353974 0.999144018 -0.001034183 -3.739696264 -0.207448989 -0.007573668 0.978216529 102.798706055
0.976579487 0.039549153 0.211490944 63.138614655 -0.039352063 0.999212146 -0.005142452 -3.740807056 -0.211527690 -0.003300591 0.977366447 103.433357239
0.976094246 0.037988193 0.214002281 63.271530151 -0.036432035 0.999273181 -0.011212457 -3.750336647 -0.214272678 0.003147877 0.976768732 103.972145081
0.974895358 0.038257990 0.219352201 63.399669647 -0.035536349 0.999234796 -0.016341275 -3.748828411 -0.219809517 0.008136055 0.975508928 104.622100830
0.973971009 0.042821642 0.222591177 63.541099548 -0.040362146 0.999063492 -0.015589041 -3.762326956 -0.223050267 0.006199013 0.974787235 105.176597595
0.972458065 0.045632284 0.228567421 63.688091278 -0.043898504 0.998955667 -0.012666628 -3.758088350 -0.228906766 0.002283996 0.973445654 105.845008850
0.971535504 0.043154094 0.232929885 63.834934235 -0.042714629 0.999063253 -0.006932916 -3.786107302 -0.233010888 -0.003213940 0.972468853 106.444671631
0.970684826 0.038768921 0.237208679 64.009544373 -0.039471384 0.999219060 -0.001789003 -3.790148735 -0.237092808 -0.007626399 0.971457064 107.145042419
0.970031679 0.035933122 0.240306735 64.170585632 -0.037848920 0.999277771 0.003360148 -3.805579662 -0.240012482 -0.012354799 0.970691204 107.761627197
0.969002843 0.032012105 0.244966656 64.373001099 -0.033624712 0.999431670 0.002402497 -3.797965050 -0.244750530 -0.010564960 0.969528556 108.532791138
0.969427943 0.028074665 0.243764803 64.511589050 -0.029119119 0.999575734 0.000681532 -3.813457727 -0.243642300 -0.007758914 0.969834149 109.109535217
0.969485104 0.027714010 0.243578658 64.697845459 -0.026888896 0.999615967 -0.006712317 -3.817750692 -0.243671149 -0.000042069 0.969857931 109.837554932
0.969672859 0.029843550 0.242577761 64.858009338 -0.027511988 0.999536991 -0.012994215 -3.828792095 -0.242853209 0.005926340 0.970044911 110.508537292
0.970166564 0.033598937 0.240100041 65.027702332 -0.030340858 0.999390662 -0.017254394 -3.828741074 -0.240533441 0.009454792 0.970594764 111.240867615
0.970912278 0.030841112 0.237441003 65.205566406 -0.028696774 0.999510169 -0.012482922 -3.844916582 -0.237709701 0.005306031 0.971321762 111.968879700
0.971295118 0.027004508 0.236340269 65.386177063 -0.026553582 0.999634445 -0.005091277 -3.853894711 -0.236391336 -0.001330548 0.971657038 112.718025208
0.971909583 0.027342850 0.233760953 65.565650940 -0.028353380 0.999597490 0.000962842 -3.870723248 -0.233640537 -0.007563708 0.972293615 113.496849060
0.972150624 0.031027978 0.232293934 65.733955383 -0.031915821 0.999490559 0.000063747 -3.875956059 -0.232173607 -0.007475822 0.972645640 114.260459900
0.972499132 0.036348216 0.230052471 65.904022217 -0.036289416 0.999331236 -0.004488013 -3.885676384 -0.230061755 -0.003983881 0.973167837 115.055595398
0.973340988 0.037180975 0.226329237 66.080467224 -0.035834379 0.999307096 -0.010056783 -3.889555454 -0.226546362 0.001678310 0.973998964 115.840797424
0.974305928 0.036119625 0.222313344 66.260177612 -0.034143519 0.999335885 -0.012727106 -3.903552532 -0.222625390 0.004809537 0.974892318 116.648223877
0.975190699 0.033470947 0.218821377 66.433631897 -0.031794749 0.999431849 -0.011177991 -3.916889191 -0.219071224 0.003943299 0.975700974 117.461235046
0.976094544 0.029512467 0.215333089 66.617225647 -0.028116664 0.999559104 -0.009543038 -3.920855999 -0.215519771 0.003260459 0.976493955 118.288520813
0.976491630 0.028300125 0.213689268 66.795791626 -0.027418762 0.999598980 -0.007087756 -3.930528879 -0.213804126 0.001062039 0.976875961 119.115348816
0.976890266 0.025266806 0.212242842 66.985481262 -0.024914518 0.999680161 -0.004334564 -3.949291468 -0.212284520 -0.001053534 0.977207363 119.975173950
0.976968527 0.020396853 0.212406501 67.159782410 -0.020148845 0.999791384 -0.003332350 -3.952276468 -0.212430209 -0.001024145 0.977175713 120.824996948
0.977110803 0.020994397 0.211692706 67.344108582 -0.021036109 0.999776602 -0.002055340 -3.958795309 -0.211688608 -0.002444896 0.977334142 121.675949097
0.977085710 0.026428871 0.211199164 67.544021606 -0.026322635 0.999648035 -0.003314876 -3.984536886 -0.211212441 -0.002320400 0.977437437 122.533714294
0.976864040 0.031369209 0.211548343 67.718811035 -0.030616952 0.999507904 -0.006831412 -3.992326736 -0.211658537 0.000196396 0.977343619 123.391090393
0.976337075 0.040497568 0.212428108 67.894065857 -0.039599679 0.999179661 -0.008481485 -4.001150608 -0.212597311 -0.000131295 0.977139831 124.267219543
0.975335538 0.047151465 0.215632364 68.072921753 -0.046552245 0.998884916 -0.007859828 -4.020140171 -0.215762526 -0.002372199 0.976442933 125.128059387
0.974524915 0.049108516 0.218836933 68.257011414 -0.048939213 0.998782575 -0.006197530 -4.030263424 -0.218874842 -0.004670057 0.975741744 126.017654419
0.973942459 0.049484491 0.221330673 68.446243286 -0.049230903 0.998765290 -0.006665641 -4.052521229 -0.221387193 -0.004404357 0.975176036 126.931381226
0.973503828 0.048184562 0.223536581 68.639160156 -0.047236096 0.998837709 -0.009591430 -4.064920902 -0.223738924 -0.001221702 0.974648416 127.801437378
0.973566949 0.041721854 0.224559128 68.862106323 -0.040766072 0.999129176 -0.008893074 -4.069843769 -0.224734560 -0.000496390 0.974419892 128.703079224
0.973892987 0.035051618 0.224285230 69.097572327 -0.033582039 0.999382198 -0.010364692 -4.093375206 -0.224509969 0.002562144 0.974468410 129.572799683
0.973588109 0.034361005 0.225711212 69.284927368 -0.033044327 0.999407589 -0.009610026 -4.125377178 -0.225907773 0.001897732 0.974146724 130.482025146
0.973122180 0.036854662 0.227321163 69.492462158 -0.036218107 0.999319494 -0.006972287 -4.135987759 -0.227423504 -0.001448255 0.973794818 131.358749390
0.972822189 0.038539298 0.228323862 69.699356079 -0.039199963 0.999230087 -0.001642556 -4.144389629 -0.228211403 -0.007352370 0.973583758 132.252273560
0.972337067 0.042341813 0.229712486 69.878669739 -0.044204488 0.999018073 0.002966419 -4.165862560 -0.229361340 -0.013038682 0.973254025 133.144210815
0.972130716 0.041583128 0.230722308 70.082801819 -0.041877650 0.999116123 -0.003622668 -4.182153225 -0.230669051 -0.006140400 0.973012865 134.001571655
0.972472072 0.036798503 0.230095521 70.299240112 -0.033436332 0.999269724 -0.018495547 -4.192544937 -0.230608061 0.010292853 0.972992361 134.841461182
