1.000000000 0.000000000 0.000000000 0.000000000 0.000000000 0.999961495 0.000000000 -0.000065506 0.000000000 0.000000000 0.999961495 0.000000001
0.999997437 0.001087878 0.001995750 -0.008738661 -0.001085633 0.999979496 -0.001115224 -0.016774010 -0.001996922 0.001113054 0.999978125 1.208485961
0.999994099 0.001370118 0.003125131 -0.012669003 -0.001368856 0.999998987 -0.000406157 -0.039906472 -0.003125685 0.000401877 0.999994993 2.432921171
0.999989688 0.000816584 0.004457836 -0.016121648 -0.000816649 0.999999642 0.000012892 -0.061647862 -0.004457824 -0.000016533 0.999990046 3.649054050
0.999985814 0.000440529 0.005305144 -0.013548845 -0.000439712 0.999999881 -0.000155321 -0.078876808 -0.005305212 0.000152986 0.999985933 4.868410587
0.999979973 0.000613311 0.006285473 -0.011565394 -0.000613247 0.999999821 -0.000012099 -0.100477532 -0.006285479 0.000008244 0.999980211 6.092656612
0.999975383 0.000942429 0.006949818 -0.003932652 -0.000936181 0.999999106 -0.000902203 -0.122174308 -0.006950664 0.000895674 0.999975383 7.314762592
0.999969721 0.000451461 0.007765576 -0.003149232 -0.000441990 0.999999166 -0.001221227 -0.144277200 -0.007766121 0.001217757 0.999969125 8.530086517
0.999970257 -0.000355979 0.007706769 0.006430554 0.000352642 0.999999881 0.000434301 -0.168334067 -0.007706922 -0.000431570 0.999970198 9.753417015
0.999978602 -0.001235508 0.006420973 0.007879630 0.001226038 0.999998152 0.001478601 -0.193475142 -0.006422788 -0.001470697 0.999978304 10.983896255
0.999989748 -0.002487975 0.003780440 0.014761557 0.002484285 0.999996424 0.000980386 -0.212740630 -0.003782868 -0.000970985 0.999992371 12.208788872
0.999996364 -0.001992975 0.001818542 0.010672729 0.001991960 0.999997854 0.000559521 -0.234060541 -0.001819654 -0.000555897 0.999998212 13.428777695
0.999998093 -0.001904289 0.000480693 0.006665726 0.001904009 0.999998033 0.000581412 -0.258811802 -0.000481799 -0.000580496 0.999999881 14.656508446
0.999999821 -0.000216874 -0.000536748 0.003015222 0.000217098 0.999999821 0.000418019 -0.278166920 0.000536657 -0.000418135 0.999999762 15.888735771
0.999999106 -0.000283597 -0.001367516 0.005352712 0.000284275 0.999999821 0.000495712 -0.297978461 0.001367375 -0.000496100 0.999998987 17.088800430
0.999997973 -0.001301176 -0.001546235 -0.008842503 0.001302439 0.999998808 0.000815989 -0.313531458 0.001545171 -0.000818002 0.999998450 18.337909698
0.999996781 -0.001730968 -0.001876271 -0.018653315 0.001733472 0.999997675 0.001333994 -0.340380043 0.001873957 -0.001337242 0.999997258 19.559989929
0.999995530 -0.000918880 -0.002849942 -0.027821004 0.000920330 0.999999464 0.000507534 -0.363979906 0.002849474 -0.000510154 0.999995828 20.796560287
0.999991536 -0.001837698 -0.003678942 -0.053884510 0.001838390 0.999998331 0.000184719 -0.394539803 0.003678596 -0.000191481 0.999993265 21.962884903
0.999992430 0.000053582 -0.003889852 -0.051564831 -0.000053261 0.999999940 0.000082699 -0.405657977 0.003889857 -0.000082491 0.999992430 23.247432709
0.999986947 -0.000784297 -0.005065033 -0.056054953 0.000785869 0.999999702 0.000308304 -0.438129544 0.005064789 -0.000312280 0.999987185 24.503070831
0.999984026 -0.000324542 -0.005642658 -0.071384571 0.000322644 0.999999881 -0.000337372 -0.463350594 0.005642767 0.000335546 0.999984026 25.769918442
0.999978304 0.000200948 -0.006585159 -0.075858273 -0.000198510 0.999999881 0.000370842 -0.481732696 0.006585233 -0.000369527 0.999978304 26.993358612
0.999970675 -0.001548674 -0.007503026 -0.096977107 0.001564288 0.999996603 0.002075607 -0.507086039 0.007499786 -0.002087283 0.999969721 28.276615143
0.999965668 -0.001514331 -0.008157503 -0.112007938 0.001532878 0.999996305 0.002267868 -0.526713550 0.008154038 -0.002280294 0.999964118 29.478799820
0.999957800 -0.002157171 -0.008926867 -0.133280277 0.002170284 0.999996603 0.001459569 -0.549104929 0.008923688 -0.001478881 0.999959111 30.767585754
0.999948621 -0.001883431 -0.009961826 -0.153992832 0.001892477 0.999997795 0.000898745 -0.578435838 0.009960111 -0.000917551 0.999949992 31.992761612
0.999940574 -0.001734903 -0.010761151 -0.168715656 0.001740391 0.999998391 0.000500646 -0.586441100 0.010760266 -0.000519345 0.999942005 33.250595093
0.999931395 -0.002465569 -0.011449605 -0.184255987 0.002477354 0.999996483 0.001015164 -0.612300694 0.011447064 -0.001043459 0.999933898 34.455417633
0.999923646 -0.002499978 -0.012099632 -0.212413236 0.002516318 0.999995947 0.001335369 -0.628063738 0.012096245 -0.001365713 0.999926031 35.755016327
0.999912679 -0.003504670 -0.012736771 -0.235598877 0.003521317 0.999992967 0.001284796 -0.648538470 0.012732178 -0.001329534 0.999918103 36.982212067
0.999906123 -0.003000705 -0.013370093 -0.246141315 0.003017630 0.999994576 0.001245966 -0.673730433 0.013366280 -0.001286195 0.999909818 38.255699158
0.999902725 -0.004639898 -0.013156311 -0.274729729 0.004666567 0.999987006 0.001997073 -0.701984167 0.013146874 -0.002058273 0.999911368 39.521842957
0.999894202 -0.003959065 -0.013994220 -0.268666387 0.004010913 0.999985218 0.003678850 -0.729208052 0.013979447 -0.003734591 0.999895334 40.812469482
0.999891520 -0.003281664 -0.014360341 -0.265633255 0.003353649 0.999981999 0.004991574 -0.758136272 0.014343701 -0.005039192 0.999884486 42.065921783
0.999890864 -0.002746880 -0.014518913 -0.288635075 0.002813109 0.999985814 0.004543159 -0.777947545 0.014506226 -0.004583505 0.999884248 43.318161011
0.999895692 -0.002384456 -0.014246376 -0.325233698 0.002441747 0.999988914 0.004005381 -0.781721950 0.014236670 -0.004039750 0.999890387 44.581920624
0.999907672 0.000505453 -0.013584293 -0.347931236 -0.000432695 0.999985516 0.005358426 -0.786412001 0.013586805 -0.005352052 0.999893367 45.855972290
0.999923527 0.000166641 -0.012362891 -0.366094857 -0.000057009 0.999960661 0.008867699 -0.809885144 0.012363884 -0.008866317 0.999884188 47.108562469
0.999951363 0.001235894 -0.009780549 -0.396622628 -0.001123192 0.999933004 0.011520245 -0.810258567 0.009794131 -0.011508700 0.999885798 48.377323151
0.999959171 0.001684659 -0.008875540 -0.405344963 -0.001551255 0.999885976 0.015016014 -0.825786471 0.008899825 -0.015001632 0.999847829 49.636993408
0.999972522 0.000680116 -0.007378565 -0.428536028 -0.000559522 0.999866426 0.016333571 -0.836349308 0.007388688 -0.016328996 0.999839365 50.914604187
0.999979496 -0.001489243 -0.006219390 -0.436451524 0.001582683 0.999885499 0.015046326 -0.844328403 0.006196271 -0.015055862 0.999867439 52.179458618
0.999985814 -0.000222754 -0.005345747 -0.434462398 0.000292207 0.999915481 0.012994958 -0.840538204 0.005342401 -0.012996335 0.999901295 53.439990997
0.999985695 -0.000622060 -0.005325397 -0.441962242 0.000687144 0.999924958 0.012228402 -0.842539191 0.005317391 -0.012231885 0.999911129 54.696289062
0.999988556 -0.000743558 -0.004731195 -0.456773907 0.000801522 0.999924421 0.012261445 -0.854512870 0.004721720 -0.012265095 0.999913573 55.988872528
0.999987364 -0.001799645 -0.004692911 -0.490022540 0.001851524 0.999936938 0.011073846 -0.864250779 0.004672685 -0.011082397 0.999927640 57.246860504
0.999974847 -0.001862361 -0.006846107 -0.483095944 0.001940105 0.999933541 0.011366819 -0.867317557 0.006824484 -0.011379816 0.999911964 58.544178009
0.999961853 -0.002496314 -0.008379026 -0.498568624 0.002597823 0.999923170 0.012125693 -0.870955944 0.008348113 -0.012146997 0.999891341 59.831760406
0.999950171 -0.001935597 -0.009790644 -0.504115880 0.002063826 0.999912024 0.013103997 -0.882523537 0.009764419 -0.013123551 0.999866247 61.098632812
0.999936581 -0.001347539 -0.011176530 -0.513053119 0.001490968 0.999916553 0.012834731 -0.888850689 0.011158301 -0.012850582 0.999855220 62.373203278
0.999929547 -0.000364110 -0.011861287 -0.529689968 0.000518409 0.999915302 0.013008123 -0.904646218 0.011855546 -0.013013357 0.999845028 63.675453186
0.999921799 -0.001690143 -0.012389978 -0.530987740 0.001849203 0.999915898 0.012837620 -0.919262350 0.012367240 -0.012859526 0.999840796 64.917182922
0.999909997 -0.002664993 -0.013147788 -0.541038692 0.002817783 0.999928534 0.011616126 -0.919873953 0.013115893 -0.011652129 0.999846101 66.192642212
0.999888122 -0.003888438 -0.014445932 -0.526232779 0.004079910 0.999903977 0.013248666 -0.942575991 0.014393028 -0.013306122 0.999807835 67.511116028
0.999904215 -0.002951148 -0.013523385 -0.591001868 0.003148100 0.999888957 0.014565688 -0.933793187 0.013478896 -0.014606865 0.999802470 68.704689026
0.999899626 -0.002323809 -0.013977285 -0.617323399 0.002498556 0.999918818 0.012497826 -0.937341928 0.013947109 -0.012531495 0.999824226 69.970527649
0.999902248 -0.001103827 -0.013944549 -0.644835234 0.001263653 0.999933541 0.011457946 -0.948797584 0.013930976 -0.011474445 0.999837220 71.242645264
0.999893010 0.000829782 -0.014604041 -0.668812096 -0.000645690 0.999920309 0.012605805 -0.967938721 0.014613338 -0.012595024 0.999813914 72.485649109
0.999897718 0.002831717 -0.014017733 -0.691822231 -0.002660706 0.999921978 0.012203277 -0.960353017 0.014051195 -0.012164733 0.999827266 73.742050171
0.999885619 0.004862300 -0.014321773 -0.710887551 -0.004683691 0.999911189 0.012478334 -0.970818281 0.014381174 -0.012409827 0.999819636 75.006942749
0.999909937 0.003902956 -0.012838905 -0.755874753 -0.003710821 0.999881268 0.014955038 -0.998273075 0.012895748 -0.014906050 0.999805748 76.224830627
0.999912977 0.006554225 -0.011448358 -0.762859881 -0.006388750 0.999875367 0.014431263 -0.983420014 0.011541517 -0.014356867 0.999830306 77.485992432
0.999947608 0.004406455 -0.009237862 -0.757673860 -0.004290608 0.999912322 0.012523073 -0.993669212 0.009292237 -0.012482780 0.999878883 78.744079590
0.999972939 0.002984358 -0.006724445 -0.763051271 -0.002940018 0.999973893 0.006594119 -0.994379699 0.006743949 -0.006574169 0.999955654 80.014541626
0.999982059 0.004497355 -0.003956196 -0.785857737 -0.004470463 0.999966979 0.006780470 -1.008854866 0.003986561 -0.006762663 0.999969125 81.214179993
0.999996603 0.001355971 -0.002232904 -0.776479363 -0.001330939 0.999936700 0.011174683 -1.029697418 0.002247915 -0.011171671 0.999934971 82.487831116
0.999998629 -0.000895782 0.001354090 -0.795309126 0.000876693 0.999901175 0.014033295 -1.055134296 -0.001366527 -0.014032090 0.999900579 83.691749573
0.999981642 0.001607271 0.005839737 -0.783261001 -0.001668268 0.999943912 0.010455338 -1.049505115 -0.005822605 -0.010464888 0.999928296 84.873703003
0.999953568 0.001959449 0.009433243 -0.771118224 -0.002026978 0.999972343 0.007154358 -1.061521411 -0.009418964 -0.007173144 0.999929965 86.103515625
0.999922931 -0.000200164 0.012407396 -0.764218271 0.000150572 0.999991953 0.003997804 -1.081672668 -0.012408095 -0.003995628 0.999915004 87.343452454
0.999875546 -0.003127241 0.015464274 -0.739157379 0.003054420 0.999984086 0.004730335 -1.115445733 -0.015478821 -0.004682512 0.999869168 88.540077209
0.999822259 -0.004109030 0.018398713 -0.718592644 0.003976115 0.999965727 0.007254903 -1.150245309 -0.018427894 -0.007180459 0.999804378 89.828300476
0.999735892 0.000076419 0.022981523 -0.704629600 -0.000196622 0.999986351 0.005228181 -1.130818486 -0.022980811 -0.005231319 0.999722183 90.949279785
0.999638438 -0.000820564 0.026875654 -0.677498817 0.000740685 0.999995291 0.002981992 -1.140082359 -0.026877973 -0.002961008 0.999634326 92.162796021
0.999543548 -0.000502626 0.030206529 -0.650356472 0.000475672 0.999999464 0.000899509 -1.168436408 -0.030206965 -0.000884730 0.999543190 93.345046997
0.999431252 -0.000350704 0.033719305 -0.618606746 0.000319937 0.999999464 0.000917840 -1.191011548 -0.033719610 -0.000906530 0.999430895 94.567382812
0.999350905 -0.001553361 0.035991669 -0.566940904 0.001491759 0.999997377 0.001738377 -1.207525492 -0.035994265 -0.001683558 0.999350607 95.758644104
0.999262333 -0.001858972 0.038359448 -0.519561172 0.001744647 0.999993861 0.003013626 -1.220215917 -0.038364820 -0.002944479 0.999259531 96.972434998
0.999128520 -0.003168915 0.041619085 -0.481548488 0.002967812 0.999983609 0.004892899 -1.240772963 -0.041633911 -0.004765116 0.999121606 98.145187378
0.999036014 -0.005048426 0.043605417 -0.433892816 0.004802946 0.999972045 0.005732504 -1.253136516 -0.043633137 -0.005517545 0.999032438 99.348655701
0.998916566 -0.006289697 0.046110403 -0.386657804 0.006138965 0.999975324 0.003409847 -1.271312952 -0.046130717 -0.003123083 0.998930633 100.559135437
0.998786151 -0.007284919 0.048715390 -0.344001561 0.007266284 0.999973416 0.000559613 -1.306139708 -0.048718173 -0.000204953 0.998812556 101.707054138
0.998697877 -0.006566793 0.050589986 -0.293191969 0.006680919 0.999975562 -0.002087122 -1.321237564 -0.050575044 0.002422393 0.998717368 102.905448914
0.998624086 -0.006354779 0.052053496 -0.234247491 0.006523420 0.999974072 -0.003070478 -1.337298751 -0.052032642 0.003405820 0.998639584 104.139282227
0.998620093 -0.006706968 0.052085683 -0.186435461 0.006829017 0.999974370 -0.002165606 -1.372339129 -0.052069824 0.002518311 0.998640239 105.347999573
0.998661458 -0.006221708 0.051347803 -0.081096157 0.006272887 0.999979973 -0.000835596 -1.377466917 -0.051341582 0.001156577 0.998680532 106.588195801
0.998714983 -0.006876325 0.050209697 -0.045880649 0.006854839 0.999976337 0.000600107 -1.400289178 -0.050212637 -0.000255156 0.998738587 107.812721252
0.998825729 -0.006623617 0.047990762 0.024278875 0.006552923 0.999977171 0.001630250 -1.415531516 -0.048000462 -0.001313857 0.998846471 109.029800415
0.998951435 -0.006489759 0.045319773 0.073062859 0.006398092 0.999977112 0.002167454 -1.435138345 -0.045332812 -0.001875221 0.998970211 110.268089294
0.999104202 -0.006368157 0.041835353 0.123614967 0.006274088 0.999977410 0.002379461 -1.460066915 -0.041849568 -0.002114851 0.999121606 111.513572693
0.999275923 -0.004704200 0.037753649 0.170980141 0.004631342 0.999987245 0.002017052 -1.482242584 -0.037762657 -0.001840743 0.999285042 112.758399963
0.999387383 -0.004337053 0.034728184 0.195998326 0.004282929 0.999989450 0.001632794 -1.469874263 -0.034734901 -0.001483056 0.999395490 113.957313538
0.999514341 -0.003585608 0.030956384 0.216829479 0.003498982 0.999989808 0.002852060 -1.493573189 -0.030966299 -0.002742359 0.999516666 115.197746277
0.999647141 -0.003163097 0.026372941 0.260233402 0.003071279 0.999989092 0.003521308 -1.503114104 -0.026383791 -0.003439067 0.999646008 116.441909790
0.999763727 -0.003414572 0.021463426 0.286221981 0.003329352 0.999986410 0.004004925 -1.516058087 -0.021476807 -0.003932519 0.999761641 117.692611694
0.999854863 -0.002808057 0.016803101 0.305854857 0.002738475 0.999987543 0.004162589 -1.536764383 -0.016814582 -0.004115969 0.999850094 118.943389893
0.999936104 -0.002220180 0.011080831 0.330330282 0.002170788 0.999987602 0.004467458 -1.561309099 -0.011090612 -0.004443119 0.999928594 120.192367554
0.999975562 -0.001598948 0.006804601 0.322563022 0.001572715 0.999991298 0.003858829 -1.570263982 -0.006810713 -0.003848033 0.999969363 121.452445984
0.999998748 -0.000474397 0.001480163 0.323991865 0.000469780 0.999995112 0.003118200 -1.579564095 -0.001481634 -0.003117500 0.999994099 122.703971863
0.999997497 0.001511557 -0.001636671 0.317029834 -0.001506147 0.999993443 0.003301508 -1.601804495 0.001641651 -0.003299036 0.999993205 123.981903076
0.999986231 0.003297726 -0.004089456 0.312074840 -0.003283776 0.999988794 0.003413158 -1.616159916 0.004100666 -0.003399682 0.999985814 125.243431091
0.999977887 0.004567220 -0.004838302 0.289137781 -0.004552613 0.999985039 0.003025788 -1.636147857 0.004852050 -0.003003694 0.999983728 126.515861511
0.999960423 0.006471930 -0.006117480 0.272893518 -0.006447062 0.999970913 0.004076001 -1.668004513 0.006143680 -0.004036399 0.999972999 127.799972534
0.999943018 0.008063477 -0.006995106 0.258941323 -0.008036133 0.999959946 0.003928469 -1.663701653 0.007026501 -0.003872031 0.999967813 129.084533691
0.999935627 0.008041012 -0.007996857 0.246386260 -0.008007213 0.999958873 0.004249705 -1.682307720 0.008030700 -0.004185400 0.999958992 130.365112305
0.999895930 0.011539700 -0.008655244 0.224356681 -0.011483478 0.999912858 0.006517455 -1.697943687 0.008729698 -0.006417384 0.999941230 131.664810181
0.999880254 0.012112762 -0.009623862 0.202670187 -0.012019700 0.999881029 0.009669535 -1.707542181 0.009739840 -0.009552702 0.999906898 132.935012817
0.999892056 0.011258537 -0.009438971 0.173310861 -0.011171270 0.999894857 0.009247710 -1.718044639 0.009542093 -0.009141264 0.999912679 134.255813599
0.999892294 0.010925547 -0.009796318 0.144173712 -0.010851871 0.999912679 0.007542764 -1.721264601 0.009877871 -0.007435644 0.999923587 135.567260742
0.999905527 0.008292119 -0.010971823 0.146393731 -0.008195573 0.999927521 0.008815400 -1.738116503 0.011044129 -0.008724646 0.999900937 136.839126587
0.999909520 0.006070145 -0.011998015 0.130377471 -0.005940641 0.999924004 0.010800061 -1.748240352 0.012062662 -0.010727811 0.999869645 138.138809204
0.999918997 0.003114753 -0.012338947 0.119029462 -0.002961764 0.999918759 0.012397883 -1.747905135 0.012376559 -0.012360333 0.999846995 139.447357178
0.999916971 0.001040711 -0.012842176 0.108587109 -0.000860164 0.999900877 0.014056437 -1.764063954 0.012855533 -0.014044223 0.999818742 140.759704590
0.999912202 -0.003343173 -0.012823844 0.089645445 0.003491572 0.999926984 0.011567300 -1.757524252 0.012784235 -0.011611061 0.999850869 142.068679810
0.999902189 -0.006043328 -0.012613358 0.069965549 0.006180098 0.999922216 0.010832611 -1.762276530 0.012546911 -0.010909504 0.999861777 143.358764648
0.999892831 -0.007180853 -0.012753454 0.056451146 0.007315115 0.999917924 0.010512139 -1.773648739 0.012676924 -0.010604306 0.999863386 144.692352295
0.999898851 -0.007670213 -0.011978511 0.029316600 0.007801902 0.999909222 0.010986033 -1.783387303 0.011893160 -0.011078379 0.999867857 145.997680664
0.999905765 -0.007676881 -0.011381738 0.019590454 0.007823499 0.999886274 0.012893941 -1.788421035 0.011281461 -0.012981775 0.999852002 147.295303345
0.999929726 -0.004773718 -0.010859963 -0.011157332 0.004932592 0.999880493 0.014649867 -1.797041297 0.010788733 -0.014702401 0.999833882 148.637710571
0.999932408 -0.004924797 -0.010538385 -0.025982033 0.005056597 0.999908924 0.012516861 -1.797479749 0.010475783 -0.012569304 0.999866188 149.963317871
0.999937177 -0.004689660 -0.010182095 -0.046569511 0.004804753 0.999924541 0.011308606 -1.814754486 0.010128292 -0.011356818 0.999884248 151.298339844
0.999941885 -0.004738378 -0.009677388 -0.063798271 0.004822620 0.999950528 0.008700433 -1.823772192 0.009635681 -0.008746600 0.999915302 152.627395630
0.999938905 -0.006071923 -0.009236996 -0.081259519 0.006114645 0.999970734 0.004603967 -1.838500381 0.009208770 -0.004660167 0.999946713 153.937438965
0.999944866 -0.005660739 -0.008844437 -0.094116829 0.005674342 0.999982774 0.001513685 -1.862435341 0.008835715 -0.001563788 0.999959707 155.251312256
0.999942422 -0.006454380 -0.008572859 -0.114142336 0.006457565 0.999979079 0.000343957 -1.882594228 0.008570460 -0.000399297 0.999963224 156.583709717
0.999937296 -0.006942729 -0.008787557 -0.131067127 0.006947680 0.999975741 0.000532966 -1.906565547 0.008783644 -0.000593986 0.999961317 157.895782471
0.999942601 -0.006318697 -0.008643785 -0.153284296 0.006329542 0.999979198 0.001227829 -1.929373980 0.008635849 -0.001282470 0.999961793 159.230194092
0.999942005 -0.005872314 -0.009032384 -0.177067697 0.005897218 0.999978840 0.002733022 -1.954795003 0.009016144 -0.002786129 0.999955416 160.556091309
0.999944091 -0.005320367 -0.009130861 -0.197583124 0.005347550 0.999981344 0.002955292 -1.969989777 0.009114966 -0.003003955 0.999953926 161.876403809
0.999942124 -0.005177260 -0.009432224 -0.236892015 0.005205495 0.999982059 0.002971301 -2.012269735 0.009416671 -0.003020229 0.999951124 163.191482544
0.999930263 -0.005046654 -0.010679569 -0.224776655 0.005075576 0.999983490 0.002682713 -2.003760099 0.010665854 -0.002736730 0.999939382 164.521102905
0.999912500 -0.005615768 -0.011985975 -0.227831289 0.005667899 0.999974608 0.004319767 -2.032421350 0.011961413 -0.004387324 0.999918818 165.812408447
0.999916315 -0.004369265 -0.012178745 -0.259361953 0.004424388 0.999980092 0.004502912 -2.047861814 0.012158827 -0.004556418 0.999915659 167.161834717
0.999902308 -0.005249277 -0.012959476 -0.280207574 0.005293775 0.999980271 0.003401746 -2.060711622 0.012941362 -0.003470018 0.999910235 168.471710205
0.999899030 -0.003995673 -0.013638370 -0.303221792 0.004027185 0.999989331 0.002283902 -2.085624456 0.013629097 -0.002338595 0.999904394 169.820922852
0.999892533 -0.003408745 -0.014254879 -0.328559518 0.003441610 0.999991596 0.002281658 -2.107310534 0.014246980 -0.002330473 0.999895811 171.135818481
0.999871850 -0.004238157 -0.015437519 -0.353750557 0.004268873 0.999989033 0.001957357 -2.144679546 0.015429053 -0.002023007 0.999878943 172.428054810
0.999866009 -0.004339552 -0.015785223 -0.375975430 0.004343492 0.999990582 0.000215270 -2.148369551 0.015784139 -0.000283805 0.999875367 173.790267944
0.999863088 -0.003872810 -0.016091296 -0.407035440 0.003880172 0.999992430 0.000426278 -2.167150974 0.016089525 -0.000488656 0.999870420 175.111297607
0.999845147 -0.004392101 -0.017037021 -0.429875255 0.004425574 0.999988377 0.001927593 -2.197314978 0.017028356 -0.002002693 0.999852955 176.421356201
0.999834299 -0.004057707 -0.017743928 -0.461501867 0.004110373 0.999987304 0.002932602 -2.228931665 0.017731804 -0.003005050 0.999838293 177.729003906
0.999819100 -0.003243573 -0.018738734 -0.476046294 0.003292621 0.999991238 0.002587266 -2.231434345 0.018730178 -0.002648497 0.999821067 179.028701782
0.999817610 -0.002185849 -0.018975213 -0.516790986 0.002243674 0.999992907 0.003026616 -2.251646280 0.018968461 -0.003068638 0.999815464 180.342117310
0.999786496 -0.002352244 -0.020528853 -0.529936552 0.002400335 0.999994457 0.002318299 -2.277971745 0.020523285 -0.002367080 0.999786556 181.657272339
0.999774337 -0.001281011 -0.021204922 -0.542034268 0.001321775 0.999997258 0.001908481 -2.290530205 0.021202421 -0.001936078 0.999773324 182.729888916
0.999758005 -0.001283210 -0.021964621 -0.572797477 0.001334006 0.999996483 0.002298158 -2.317837715 0.021961594 -0.002326903 0.999756098 184.040374756
0.999745846 -0.001832664 -0.022469955 -0.584209144 0.001872376 0.999996722 0.001746397 -2.344443321 0.022466674 -0.001788025 0.999746025 185.074798584
0.999742568 -0.003312434 -0.022446493 -0.620839953 0.003307117 0.999994457 -0.000274000 -2.359469414 0.022447275 0.000199697 0.999748111 186.394515991
0.999733865 -0.006266743 -0.022199357 -0.657151103 0.006273805 0.999980330 0.000248488 -2.383694649 0.022197362 -0.000387697 0.999753475 187.639724731
0.999731898 -0.006121621 -0.022330999 -0.697932839 0.006211427 0.999972939 0.003954437 -2.403290272 0.022306185 -0.004092084 0.999742806 188.926376343
0.999715865 -0.006978525 -0.022793168 -0.720267296 0.007172260 0.999938667 0.008429099 -2.418395042 0.022732951 -0.008590181 0.999704719 190.159896851
0.999721646 -0.005854710 -0.022854557 -0.761328161 0.006035217 0.999951065 0.007837119 -2.431452274 0.022807552 -0.007972872 0.999708056 191.427581787
0.999736667 -0.004299843 -0.022540417 -0.819917321 0.004410949 0.999978304 0.004881740 -2.452790022 0.022518944 -0.004979881 0.999733925 192.708114624
0.999717116 -0.004225141 -0.023405327 -0.818598986 0.004288842 0.999987185 0.002672078 -2.461552858 0.023393737 -0.002771704 0.999722481 193.996841431
0.999728203 -0.004049694 -0.022960348 -0.869128525 0.004123215 0.999986529 0.003155628 -2.481863260 0.022947256 -0.003249440 0.999731362 195.308044434
0.999728680 -0.004454312 -0.022863660 -0.912002206 0.004561241 0.999978900 0.004626766 -2.509562254 0.022842566 -0.004729797 0.999727845 196.606216431
0.999721110 -0.004459603 -0.023186974 -0.929559946 0.004612669 0.999967933 0.006552041 -2.522566319 0.023157010 -0.006657167 0.999709606 197.817596436
0.999745965 -0.005558413 -0.021840720 -1.008328319 0.005729904 0.999953270 0.007797111 -2.551877499 0.021796359 -0.007920276 0.999731064 199.180541992
0.999765158 -0.004891928 -0.021106817 -0.999230146 0.005052921 0.999958575 0.007580954 -2.586940289 0.021068856 -0.007685826 0.999748468 200.367401123
0.999783516 -0.005778137 -0.019989641 -1.005272269 0.005892588 0.999966562 0.005671381 -2.588585854 0.019956207 -0.005787943 0.999784052 201.610580444
0.999804437 -0.006502475 -0.018676296 -1.040314913 0.006582024 0.999969482 0.004201008 -2.606226921 0.018648412 -0.004323113 0.999816656 202.908691406
0.999828160 -0.007093375 -0.017128646 -1.095004559 0.007161708 0.999966621 0.003931327 -2.643244505 0.017100189 -0.004053321 0.999845505 204.192382812
0.999844313 -0.006287118 -0.016489929 -1.108711123 0.006366773 0.999968290 0.004782482 -2.666883469 0.016459338 -0.004886724 0.999852598 205.483154297
0.999860048 -0.007268400 -0.015069487 -1.098297358 0.007361590 0.999953985 0.006137814 -2.657785654 0.015024181 -0.006247890 0.999867618 206.632980347
0.999900281 -0.005743407 -0.012906471 -1.172039866 0.005835093 0.999957979 0.007077446 -2.698831320 0.012865278 -0.007152050 0.999891698 207.846939087
0.999901652 -0.005612290 -0.012853257 -1.131803274 0.005696454 0.999962509 0.006520901 -2.685023785 0.012816177 -0.006593477 0.999896169 209.052474976
0.999910295 -0.005483510 -0.012217098 -1.144981027 0.005559701 0.999965250 0.006211292 -2.693523169 0.012182616 -0.006278658 0.999906123 210.313995361
0.999914229 -0.005748153 -0.011771041 -1.157739282 0.005820723 0.999964118 0.006140145 -2.703522444 0.011735326 -0.006208134 0.999911964 211.573471069
0.999940276 -0.004710727 -0.009856497 -1.191431403 0.004774748 0.999967575 0.006481992 -2.735288143 0.009825643 -0.006528667 0.999930441 212.836181641
0.999931514 -0.005725318 -0.010198858 -1.198803306 0.005792241 0.999961793 0.006544414 -2.752306461 0.010161001 -0.006603039 0.999926567 214.060775757
0.999937057 -0.006692882 -0.009005678 -1.198830009 0.006751347 0.999956250 0.006477183 -2.754252911 0.008961932 -0.006537576 0.999938428 214.976913452
0.999937654 -0.006439032 -0.009123640 -1.219186544 0.006511905 0.999946952 0.007980168 -2.788086653 0.009071772 -0.008039084 0.999926507 216.186981201
0.999931276 -0.007325738 -0.009150321 -1.234655738 0.007403220 0.999936819 0.008462667 -2.790221691 0.009087748 -0.008529829 0.999922216 217.204025269
0.999928534 -0.007284479 -0.009485211 -1.255221963 0.007366927 0.999935150 0.008686388 -2.813123465 0.009421320 -0.008755643 0.999917328 218.344665527
0.999924421 -0.006224107 -0.010607203 -1.276011586 0.006309784 0.999947548 0.008063001 -2.844302893 0.010556462 -0.008129318 0.999911249 219.500839233
0.999921501 -0.006556019 -0.010677249 -1.278936625 0.006628962 0.999954879 0.006810684 -2.838737011 0.010632116 -0.006880926 0.999919832 220.479537964
0.999909163 -0.006528171 -0.011794223 -1.286609411 0.006609286 0.999954700 0.006851660 -2.864209890 0.011748962 -0.006928990 0.999906957 221.570022583
0.999894083 -0.007028427 -0.012740165 -1.304383159 0.007113761 0.999952495 0.006665370 -2.867785931 0.012692709 -0.006755294 0.999896765 222.582611084
0.999866724 -0.007281187 -0.014612156 -1.318550825 0.007389478 0.999945521 0.007370760 -2.879804373 0.014557690 -0.007477753 0.999866188 223.622695923
0.999801874 -0.009939037 -0.017247558 -1.326946378 0.010090139 0.999911249 0.008695914 -2.898825884 0.017159600 -0.008868221 0.999813437 224.683334351
0.999780834 -0.008061168 -0.019318234 -1.348849058 0.008270996 0.999907374 0.010806448 -2.909590483 0.019229334 -0.010963860 0.999754965 225.604797363
0.999739468 -0.007808479 -0.021444522 -1.377301931 0.008047937 0.999905944 0.011102894 -2.926487446 0.021355806 -0.011272585 0.999708414 226.626281738
0.999671519 -0.007998036 -0.024349535 -1.400681496 0.008259309 0.999909163 0.010648494 -2.935441017 0.024262153 -0.010846106 0.999646902 227.534133911
0.999593496 -0.008102443 -0.027335983 -1.429520965 0.008400069 0.999906421 0.010790434 -2.946584463 0.027246000 -0.011015669 0.999568045 228.536758423
0.999503374 -0.007243522 -0.030668229 -1.454841495 0.007577779 0.999912977 0.010796914 -2.951142788 0.030587351 -0.011023947 0.999471307 229.394439697
0.999407589 -0.007085283 -0.033677615 -1.490352869 0.007453396 0.999913633 0.010817520 -2.967354298 0.033598065 -0.011062127 0.999374211 230.339477539
0.999308527 -0.006959350 -0.036522146 -1.525043607 0.007331274 0.999922454 0.010059439 -2.973258734 0.036449309 -0.010320238 0.999282181 231.188781738
0.999153316 -0.007140998 -0.040518094 -1.548118830 0.007503370 0.999933064 0.008798428 -2.977758646 0.040452562 -0.009095001 0.999140143 232.067565918
0.999037385 -0.006356751 -0.043404177 -1.599768639 0.006760794 0.999935091 0.009168398 -2.996868849 0.043343078 -0.009453018 0.999015510 232.877197266
0.998895228 -0.006671321 -0.046517015 -1.641721964 0.007104457 0.999932885 0.009152269 -3.019064188 0.046452835 -0.009472637 0.998875439 233.699310303
0.998789907 -0.004383545 -0.048985027 -1.685592294 0.004793059 0.999954522 0.008245636 -3.020499229 0.048946656 -0.008470444 0.998765469 234.493606567
0.998735487 -0.003769145 -0.050131124 -1.721906185 0.004206747 0.999953926 0.008626518 -3.031018972 0.050096311 -0.008826501 0.998705328 235.278656006
0.998737752 -0.003677847 -0.050092585 -1.761075377 0.004178624 0.999942243 0.009895967 -3.045226336 0.050053295 -0.010092793 0.998695493 236.039581299
0.998783648 -0.003346146 -0.049193647 -1.806931376 0.003858823 0.999939144 0.010330359 -3.050816536 0.049156088 -0.010507624 0.998735785 236.788269043
0.998790681 -0.003622127 -0.049031220 -1.844733357 0.004111061 0.999942839 0.009874696 -3.058967590 0.048992660 -0.010064323 0.998748481 237.514205933
0.998794138 -0.003227137 -0.048990063 -1.878037333 0.003615636 0.999962747 0.007843627 -3.067717552 0.048962932 -0.008011298 0.998768508 238.233062744
0.998846531 -0.003372755 -0.047898635 -1.917687654 0.003663889 0.999975264 0.005991661 -3.082042933 0.047877245 -0.006160245 0.998834193 238.949966431
0.998874366 -0.003472217 -0.047308151 -1.949752092 0.003700102 0.999981999 0.004730298 -3.093882322 0.047290869 -0.004900019 0.998869121 239.672927856
0.998967528 -0.002832634 -0.045341320 -1.987518787 0.003022644 0.999986947 0.004122657 -3.100714922 0.045329053 -0.004255451 0.998962998 240.379806519
0.999015689 -0.003528785 -0.044217244 -2.013638496 0.003704607 0.999985576 0.003895002 -3.111646891 0.044202872 -0.004054976 0.999014258 241.063735962
0.999112189 -0.003647468 -0.041969340 -2.051827192 0.003822413 0.999984324 0.004088905 -3.124271393 0.041953772 -0.004245698 0.999110520 241.787139893
0.999186456 -0.003308755 -0.040191729 -2.078091383 0.003481147 0.999984920 0.004220022 -3.140416384 0.040177159 -0.004356502 0.999183118 242.478179932
0.999263287 -0.004248991 -0.038144864 -2.106187820 0.004386507 0.999984205 0.003522133 -3.148312092 0.038129304 -0.003686860 0.999265969 243.184799194
0.999370873 -0.004090913 -0.035229985 -2.134431601 0.004249593 0.999981165 0.004430412 -3.161827326 0.035211202 -0.004577337 0.999369442 243.873947144
0.999463558 -0.005449682 -0.032291386 -2.154330254 0.005621125 0.999970615 0.005220816 -3.174542427 0.032261983 -0.005399531 0.999464869 244.566619873
0.999546409 -0.006414228 -0.029423006 -2.174407721 0.006583016 0.999962509 0.005643289 -3.185345411 0.029385708 -0.005834422 0.999551117 245.248275757
0.999632835 -0.006187254 -0.026380161 -2.194584370 0.006329740 0.999965727 0.005321167 -3.190645218 0.026346331 -0.005486193 0.999637842 245.935073853
0.999697506 -0.006824440 -0.023626540 -2.209655523 0.006938925 0.999964535 0.004766982 -3.197114944 0.023593167 -0.004929483 0.999709606 246.611862183
0.999766409 -0.007043368 -0.020434605 -2.227816105 0.007145921 0.999962151 0.004949928 -3.211464167 0.020398969 -0.005094794 0.999778926 247.291213989
0.999825597 -0.006137046 -0.017641364 -2.243085384 0.006214784 0.999971211 0.004355092 -3.224323034 0.017614128 -0.004463969 0.999834895 247.960983276
0.999873161 -0.006040436 -0.014735900 -2.251707315 0.006096592 0.999974310 0.003768956 -3.230969667 0.014712753 -0.003858317 0.999884307 248.643890381
0.999912679 -0.005781442 -0.011888070 -2.263853788 0.005832540 0.999973893 0.004268230 -3.234659433 0.011863083 -0.004337195 0.999920309 249.324951172
0.999939501 -0.005678785 -0.009414648 -2.271072865 0.005726167 0.999970973 0.005013415 -3.245110273 0.009385905 -0.005067021 0.999943137 250.017410278
0.999951184 -0.006497850 -0.007449375 -2.280356646 0.006539408 0.999963045 0.005567908 -3.259593248 0.007412921 -0.005616350 0.999956727 250.709915161
0.999970496 -0.005644995 -0.005204794 -2.279500484 0.005663276 0.999977827 0.003504278 -3.264375210 0.005184897 -0.003533651 0.999980271 251.404434204
0.999978423 -0.005630854 -0.003361773 -2.285552979 0.005634230 0.999983609 0.000995812 -3.271985054 0.003356111 -0.001014732 0.999993861 252.095764160
0.999973297 -0.006856335 -0.002528203 -2.292396784 0.006854027 0.999976039 -0.000920497 -3.280485153 0.002534454 0.000903145 0.999996424 252.793518066
0.999969661 -0.007471204 -0.002214543 -2.294258833 0.007469546 0.999971867 -0.000756095 -3.293769598 0.002220129 0.000739531 0.999997318 253.503204346
0.999959886 -0.008715086 -0.002061414 -2.296813726 0.008712135 0.999961019 -0.001437215 -3.305395365 0.002073860 0.001419198 0.999996781 254.219085693
0.999974787 -0.006667479 -0.002431530 -2.302715063 0.006663753 0.999976635 -0.001537948 -3.316600561 0.002441727 0.001521706 0.999995828 254.943557739
0.999976158 -0.006676971 -0.001763097 -2.302264452 0.006673196 0.999975383 -0.002138619 -3.327580214 0.001777334 0.002126802 0.999996066 255.672775269
0.999971032 -0.007445052 -0.001560432 -2.306826115 0.007438671 0.999964058 -0.004055456 -3.341279507 0.001590569 0.004043732 0.999990523 256.402343750
0.999934614 -0.011378499 -0.001173491 -2.300679445 0.011371370 0.999917865 -0.005912545 -3.357485533 0.001240671 0.005898815 0.999981880 257.146453857
0.999893010 -0.014616556 -0.000541916 -2.307351351 0.014612520 0.999869943 -0.006822950 -3.368467331 0.000641573 0.006814301 0.999976516 257.865692139
0.999923587 -0.012359649 0.000208393 -2.318785667 0.012360212 0.999919176 -0.002963080 -3.381029367 -0.000171753 0.002965428 0.999995589 258.613220215
0.999965370 -0.008302748 0.000515652 -2.322507381 0.008301089 0.999960601 0.003142383 -3.388207674 -0.000541722 -0.003137993 0.999994934 259.381195068
0.999956071 -0.009295774 0.001169662 -2.327330828 0.009287902 0.999935329 0.006564869 -3.401905775 -0.001230611 -0.006553717 0.999977767 260.167785645
0.999944687 -0.009744783 0.003944719 -2.321440458 0.009729099 0.999944806 0.003975979 -3.401252985 -0.003983247 -0.003937380 0.999984264 260.922058105
0.999928772 -0.009082099 0.007732250 -2.317473650 0.009095238 0.999957263 -0.001665822 -3.417442799 -0.007716791 0.001736030 0.999968708 261.702972412
0.999899566 -0.007369177 0.012102052 -2.322857141 0.007433015 0.999958634 -0.005238540 -3.430237532 -0.012062946 0.005327969 0.999913037 262.497344971
0.999875188 -0.005376359 0.014856815 -2.310424566 0.005454808 0.999971330 -0.005244774 -3.432374001 -0.014828191 0.005325160 0.999875844 263.274597168
0.999817252 -0.006507567 0.017977368 -2.297078609 0.006559629 0.999974430 -0.002838514 -3.448137522 -0.017958438 0.002955919 0.999834359 264.075378418
0.999728262 -0.009839643 0.021131219 -2.280312777 0.009839006 0.999951601 0.000134112 -3.456007957 -0.021131516 0.000073835 0.999776721 264.889678955
0.999649704 -0.012279194 0.023444081 -2.259826422 0.012232004 0.999922931 0.002155234 -3.472883701 -0.023468738 -0.001867711 0.999722838 265.695800781
0.999558032 -0.012212062 0.027102735 -2.244307995 0.012144551 0.999922693 0.002654139 -3.485962629 -0.027133057 -0.002323815 0.999629259 266.513000488
0.999511123 -0.011122981 0.029219659 -2.209016085 0.011067419 0.999936640 0.002062573 -3.521091700 -0.029240750 -0.001738178 0.999570906 267.336395264
0.999441922 -0.008637322 0.032265954 -2.209165573 0.008695660 0.999960780 -0.001668110 -3.508806705 -0.032250278 0.001947753 0.999477923 268.134368896
0.999312818 -0.009553207 0.035814468 -2.210751772 0.009616764 0.999952495 -0.001602765 -3.528699875 -0.035797458 0.001946083 0.999357164 268.949768066
0.999263287 -0.007673487 0.037602447 -2.159254789 0.007672987 0.999970555 0.000157652 -3.531998396 -0.037602548 0.000130988 0.999292791 269.773223877
0.999155521 -0.004940840 0.040789302 -2.130426645 0.004914390 0.999987602 0.000748700 -3.525289059 -0.040792491 -0.000547613 0.999167502 270.614959717
0.999027371 -0.005442141 0.043760005 -2.099562883 0.005387962 0.999984562 0.001355933 -3.554110050 -0.043766711 -0.001118837 0.999041140 271.425567627
0.998911500 -0.004577614 0.046421327 -2.082997084 0.004557848 0.999989510 0.000531635 -3.554141760 -0.046423268 -0.000319475 0.998921812 272.265716553
0.998770714 -0.006390514 0.049153876 -2.027142525 0.006386782 0.999979556 0.000232975 -3.572380304 -0.049154360 0.000081247 0.998791158 273.058380127
0.998647749 -0.010504249 0.050915312 -1.989403963 0.010423977 0.999943972 0.001841843 -3.592146635 -0.050931804 -0.001308613 0.998701274 273.882202148
0.998600900 -0.010610126 0.051802963 -1.941017151 0.010583783 0.999943674 0.000782788 -3.595376730 -0.051808346 -0.000233421 0.998657048 274.703216553
0.998561323 -0.011531263 0.052366670 -1.909674644 0.011481580 0.999933243 0.001249458 -3.613238573 -0.052377585 -0.000646409 0.998627126 275.508941650
0.998543024 -0.011337159 0.052756250 -1.865019560 0.011300108 0.999935687 0.001000528 -3.622292519 -0.052764200 -0.000402919 0.998606920 276.350311279
0.998563647 -0.011194419 0.052396007 -1.820196509 0.011105737 0.999936402 0.001983425 -3.640536308 -0.052414868 -0.001398679 0.998624444 277.197692871
0.998601913 -0.010686460 0.051768806 -1.783329010 0.010607013 0.999942124 0.001809157 -3.643831968 -0.051785141 -0.001257515 0.998657465 278.000823975
0.998665988 -0.011469491 0.050345790 -1.739351630 0.011406888 0.999933839 0.001530640 -3.663402557 -0.050360017 -0.000954309 0.998730719 278.843933105
0.998747051 -0.011502356 0.048703268 -1.703266144 0.011486175 0.999933839 0.000612085 -3.678723812 -0.048707094 -0.000051904 0.998813152 279.662384033
0.998828828 -0.010091241 0.047319558 -1.680837154 0.010143518 0.999948204 -0.000864809 -3.680259228 -0.047308378 0.001343783 0.998879492 280.495544434
0.998907685 -0.008723692 0.045906160 -1.640793800 0.008771066 0.999961197 -0.000830626 -3.694936991 -0.045897126 0.001232365 0.998945415 281.304870605
0.998996139 -0.007705108 0.044129129 -1.608656526 0.007769049 0.999969006 -0.001277605 -3.710294247 -0.044117913 0.001619164 0.999024987 282.139160156
0.999096096 -0.006561423 0.041999515 -1.586123824 0.006597588 0.999977946 -0.000722529 -3.723849058 -0.041993856 0.000998971 0.999117315 282.924346924
0.999224782 -0.006888306 0.038763322 -1.550751805 0.006862877 0.999976158 0.000789031 -3.738970518 -0.038767841 -0.000522391 0.999248087 283.753540039
0.999360621 -0.008147965 0.034813430 -1.530192494 0.008046981 0.999962926 0.003039869 -3.753004551 -0.034836911 -0.002757782 0.999389231 284.561279297
0.999513865 -0.009011240 0.029846922 -1.507623315 0.008886540 0.999951184 0.004307973 -3.761415482 -0.029884288 -0.004040643 0.999545157 285.383911133
0.999632180 -0.009747162 0.025308138 -1.496189237 0.009595712 0.999935329 0.006098858 -3.781068325 -0.025365947 -0.005853765 0.999661088 286.159301758
0.999736249 -0.010657766 0.020346593 -1.485396028 0.010515261 0.999919474 0.007098064 -3.798683882 -0.020420603 -0.006882241 0.999767780 286.960998535
0.999811888 -0.010783444 0.016122242 -1.479429007 0.010665480 0.999915838 0.007385092 -3.802153826 -0.016200522 -0.007211751 0.999842763 287.726226807
0.999873281 -0.011703044 0.010788833 -1.467834234 0.011624618 0.999905705 0.007303587 -3.807892561 -0.010873290 -0.007177246 0.999915123 288.517303467
0.999901831 -0.011996081 0.007240121 -1.472852468 0.011945073 0.999903858 0.007047886 -3.821116686 -0.007323972 -0.006960710 0.999948919 289.238403320
0.999926329 -0.011771522 0.002955425 -1.467921615 0.011751100 0.999907672 0.006833982 -3.834276199 -0.003035598 -0.006798749 0.999972224 289.980743408
