1.000000000 0.000000000 0.000000000 0.000000000 0.000000000 0.999961495 0.000000000 -0.000065506 0.000000000 0.000000000 0.999961495 0.000000001
0.999997556 -0.001651845 -0.001455700 -0.001999825 0.001650543 0.999978960 -0.000873329 -0.010275647 0.001457112 0.000870924 0.999979317 0.561404765
0.999994874 -0.002115548 -0.002408478 -0.007870229 0.002109672 0.999975622 -0.002422773 -0.020544235 0.002413544 0.002417679 0.999974906 1.127730608
0.999987662 -0.002652715 -0.004203258 -0.018097015 0.002637908 0.999971092 -0.003512293 -0.036231987 0.004212453 0.003501162 0.999965727 1.681203008
0.999966502 -0.004794317 -0.006635541 -0.011954082 0.004759403 0.999974787 -0.005267409 -0.047563743 0.006660629 0.005235652 0.999964058 2.248912334
0.999942541 -0.007025268 -0.008099196 -0.017577196 0.006964768 0.999947846 -0.007474092 -0.057558082 0.008151281 0.007417254 0.999939263 2.810184479
0.999917030 -0.008436766 -0.009746378 -0.020749150 0.008359166 0.999933243 -0.007975494 -0.072825558 0.009813016 0.007893360 0.999920666 3.383625984
0.999901533 -0.008401419 -0.011239554 -0.030418204 0.008317795 0.999937534 -0.007466217 -0.083982646 0.011301578 0.007371993 0.999908984 3.964924574
0.999883592 -0.008986295 -0.012329547 -0.039035194 0.008893424 0.999931812 -0.007566688 -0.103386760 0.012396703 0.007456155 0.999895394 4.555296898
0.999876142 -0.008281659 -0.013381705 -0.052790981 0.008142292 0.999912441 -0.010435891 -0.117081791 0.013466961 0.010325642 0.999855936 5.148394585
0.999870002 -0.006637279 -0.014694699 -0.067914538 0.006430800 0.999880552 -0.014054176 -0.135484979 0.014786225 0.013957849 0.999793231 5.750038624
0.999854445 -0.005663681 -0.016092744 -0.079781659 0.005376530 0.999826550 -0.017831059 -0.146596223 0.016190941 0.017741941 0.999711454 6.362642765
0.999846458 -0.003750323 -0.017117638 -0.099372983 0.003444438 0.999834478 -0.017864209 -0.159186542 0.017181797 0.017802503 0.999693930 6.992456913
0.999832869 -0.000967214 -0.018258404 -0.118040204 0.000760489 0.999935567 -0.011325731 -0.168786660 0.018268181 0.011309950 0.999769151 7.628114700
0.999818027 -0.000496230 -0.019077420 -0.134539679 0.000482730 0.999999583 -0.000712223 -0.179708928 0.019077767 0.000702884 0.999817848 8.304310799
0.999799728 0.000241374 -0.020014849 -0.145413920 -0.000122748 0.999982357 0.005927908 -0.190773979 0.020015927 -0.005924263 0.999782085 8.980405807
0.999774992 0.002544862 -0.021063423 -0.176995635 -0.002437035 0.999983847 0.005143264 -0.208570212 0.021076171 -0.005090774 0.999764919 9.672973633
0.999752223 0.004639101 -0.021773310 -0.198250443 -0.004684209 0.999987006 -0.002021157 -0.215253040 0.021763651 0.002122646 0.999760926 10.359107971
0.999725699 0.004551878 -0.022971820 -0.223365352 -0.004735208 0.999957263 -0.007932575 -0.219984904 0.022934729 0.008039175 0.999704659 11.079480171
0.999699950 0.001695244 -0.024437403 -0.236731723 -0.001846713 0.999979138 -0.006176990 -0.223251611 0.024426423 0.006220263 0.999682248 11.825689316
0.999695599 0.001388591 -0.024633734 -0.260450006 -0.001320726 0.999995291 0.002771015 -0.229176506 0.024637464 -0.002737637 0.999692678 12.587101936
0.999686599 0.000821014 -0.025023872 -0.278814644 -0.000563303 0.999946773 0.010303916 -0.235595584 0.025031000 -0.010286589 0.999633729 13.359811783
0.999673545 -0.000199344 -0.025549335 -0.305410981 0.000525645 0.999918401 0.012765323 -0.240226746 0.025544701 -0.012774587 0.999592066 14.163521767
0.999666929 -0.001527325 -0.025765575 -0.322271794 0.001828286 0.999930382 0.011661239 -0.239265755 0.025745969 -0.011704462 0.999599993 14.972146034
0.999681413 -0.001958531 -0.025163224 -0.350114107 0.002187914 0.999956250 0.009091466 -0.236378625 0.025144322 -0.009143624 0.999642015 15.801791191
0.999694288 0.000345269 -0.024724726 -0.373682916 -0.000207436 0.999984384 0.005577040 -0.237157091 0.024726270 -0.005570207 0.999678731 16.639816284
0.999713302 -0.002602882 -0.023800792 -0.395331085 0.002608607 0.999996603 0.000209494 -0.244113624 0.023800166 -0.000271521 0.999716640 17.511058807
0.999711752 -0.005578401 -0.023352526 -0.405832112 0.005443950 0.999968290 -0.005817054 -0.255693018 0.023384236 0.005688246 0.999710321 18.384185791
0.999744236 -0.004409412 -0.022180628 -0.435164273 0.004154128 0.999924660 -0.011542261 -0.268311709 0.022229850 0.011447167 0.999687433 19.288335800
0.999757171 -0.002267192 -0.021921378 -0.459402293 0.001996903 0.999921799 -0.012344003 -0.286522478 0.021947648 0.012297233 0.999683499 20.204381943
0.999739647 -0.002745970 -0.022647899 -0.480475813 0.002477691 0.999926567 -0.011865220 -0.304676503 0.022678819 0.011806017 0.999673128 21.145767212
0.999739110 -0.000923513 -0.022821223 -0.503078938 0.000628875 0.999916434 -0.012914529 -0.331801981 0.022831244 0.012896808 0.999656200 22.091663361
0.999745905 0.001834966 -0.022466239 -0.539751232 -0.002168708 0.999887526 -0.014839878 -0.356897622 0.022436485 0.014884832 0.999637544 23.051788330
0.999741614 0.004901268 -0.022195602 -0.573452175 -0.005256236 0.999858677 -0.015962716 -0.375111490 0.022114230 0.016075257 0.999626160 24.016431808
0.999731183 0.007856797 -0.021812990 -0.611779213 -0.008197038 0.999845386 -0.015552730 -0.410532296 0.021687424 0.015727350 0.999640942 24.987041473
0.999710023 0.008186649 -0.022643747 -0.623900294 -0.008543706 0.999839962 -0.015716907 -0.436692834 0.022511454 0.015905812 0.999620020 25.981941223
0.999719620 0.007902535 -0.022319451 -0.665299177 -0.008257145 0.999840438 -0.015840800 -0.464672327 0.022190711 0.016020656 0.999625385 27.003658295
0.999691248 0.008799327 -0.023236243 -0.686807990 -0.009137657 0.999853194 -0.014494625 -0.494977117 0.023105292 0.014702471 0.999624908 28.006847382
0.999687076 0.009471721 -0.023148771 -0.718743980 -0.009767942 0.999871314 -0.012716985 -0.522180200 0.023025345 0.012939124 0.999651134 29.031848907
0.999673665 0.009948220 -0.023523415 -0.748314500 -0.010229115 0.999877393 -0.011851131 -0.547530234 0.023402635 0.012087890 0.999652982 30.056001663
0.999661028 0.009983270 -0.024041153 -0.770873427 -0.010288166 0.999867737 -0.012592120 -0.581213415 0.023912264 0.012835192 0.999631643 31.101545334
0.999651253 0.011469629 -0.023787772 -0.806329250 -0.011793294 0.999839127 -0.013511025 -0.605362892 0.023628978 0.013786849 0.999625742 32.137619019
0.999650598 0.011672474 -0.023714894 -0.843412220 -0.011977005 0.999847114 -0.012740139 -0.626847327 0.023562562 0.013019722 0.999637544 33.188243866
0.999637306 0.010619837 -0.024749197 -0.867191672 -0.010866757 0.999892294 -0.009863908 -0.660107851 0.024641778 0.010129274 0.999644935 34.242679596
0.999616146 0.010922990 -0.025461426 -0.890361488 -0.011080783 0.999920249 -0.006064512 -0.683445334 0.025393153 0.006344317 0.999657393 35.307853699
0.999606192 0.010639448 -0.025965601 -0.925539255 -0.010742791 0.999934912 -0.003843782 -0.706114054 0.025923021 0.004121211 0.999655426 36.388854980
0.999592841 0.010223076 -0.026637508 -0.956312478 -0.010320703 0.999940574 -0.003530174 -0.724712431 0.026599834 0.003803654 0.999638915 37.466598511
0.999592960 0.010017974 -0.026712377 -0.996692479 -0.010155044 0.999935985 -0.005000657 -0.743638754 0.026660565 0.005269887 0.999630749 38.564186096
0.999566615 0.010789832 -0.027388310 -1.035239697 -0.010941166 0.999925673 -0.005381685 -0.768333733 0.027328203 0.005679013 0.999610484 39.650970459
0.999548674 0.010519418 -0.028139016 -1.069548130 -0.010646943 0.999933779 -0.004385951 -0.785074830 0.028091010 0.004683565 0.999594390 40.741363525
0.999519467 0.010282361 -0.029239504 -1.102809906 -0.010348482 0.999944270 -0.002110954 -0.813427746 0.029216172 0.002412524 0.999570191 41.840343475
0.999499023 0.010244061 -0.029946873 -1.135469675 -0.010244548 0.999947548 0.000137165 -0.828902185 0.029946707 0.000169695 0.999551415 42.924736023
0.999486506 0.011350540 -0.029967152 -1.178144574 -0.011353988 0.999935567 0.000055113 -0.856056929 0.029965844 0.000285162 0.999550879 44.015724182
0.999447227 0.013263163 -0.030484946 -1.219482899 -0.013372370 0.999904811 -0.003381221 -0.879256487 0.030437199 0.003787007 0.999529481 45.098678589
0.999432981 0.014015055 -0.030615393 -1.259859324 -0.014252713 0.999869883 -0.007558306 -0.899395645 0.030505477 0.007990373 0.999502599 46.187355042
0.999431312 0.014895637 -0.030252298 -1.297919869 -0.015139613 0.999854565 -0.007851804 -0.926948130 0.030130940 0.008305345 0.999511421 47.274375916
0.999419689 0.014891047 -0.030634850 -1.334072232 -0.015047376 0.999874830 -0.004878775 -0.955322266 0.030558366 0.005336918 0.999518752 48.398921967
0.999400616 0.016428767 -0.030470444 -1.373021603 -0.016542399 0.999857068 -0.003481086 -0.967918932 0.030408898 0.003983053 0.999529660 49.513694763
0.999445736 0.013882410 -0.030257473 -1.420637369 -0.013945623 0.999900937 -0.001879156 -0.999562263 0.030228393 0.002300072 0.999540448 50.627155304
0.999464631 0.013776692 -0.029676221 -1.459051013 -0.013860236 0.999900520 -0.002611377 -1.019361496 0.029637286 0.003021299 0.999556124 51.701465607
0.999492168 0.013080674 -0.029060608 -1.495526910 -0.013220368 0.999901891 -0.004619976 -1.033841848 0.028997324 0.005001821 0.999567032 52.795581818
0.999493480 0.013638952 -0.028754275 -1.529318213 -0.013841635 0.999880612 -0.006861563 -1.058882117 0.028657256 0.007256094 0.999562919 53.879669189
0.999497235 0.012199057 -0.029265996 -1.556690335 -0.012466496 0.999882042 -0.008973219 -1.094874859 0.029153079 0.009333552 0.999531507 54.987445831
0.999497890 0.011253434 -0.029619040 -1.576554537 -0.011621960 0.999856770 -0.012299578 -1.131767869 0.029476386 0.012637632 0.999485612 56.079742432
0.999532938 0.009693325 -0.028983289 -1.616973758 -0.010090334 0.999856770 -0.013583199 -1.172415495 0.028847473 0.013869305 0.999487579 57.181392670
0.999563813 0.007265469 -0.028625708 -1.651427507 -0.007602415 0.999902844 -0.011679545 -1.191337585 0.028538071 0.011892078 0.999521971 58.256389618
0.999569893 0.006222410 -0.028661933 -1.684292555 -0.006385075 0.999963999 -0.005587257 -1.221357465 0.028626136 0.005767861 0.999573529 59.371067047
0.999588788 0.004705648 -0.028287949 -1.720545053 -0.004691304 0.999988794 0.000573372 -1.244488955 0.028290328 -0.000440430 0.999599636 60.458202362
0.999595523 0.002539821 -0.028324880 -1.744648695 -0.002520545 0.999996603 0.000716238 -1.261313200 0.028326601 -0.000644554 0.999598682 61.522052765
0.999609768 -0.000271627 -0.027931837 -1.775139451 0.000206210 0.999997258 -0.002344884 -1.281631470 0.027932396 0.002338210 0.999607205 62.608474731
0.999594510 -0.002341398 -0.028376974 -1.804365754 0.002201720 0.999985337 -0.004952455 -1.311191440 0.028388154 0.004887969 0.999585092 63.669384003
0.999599934 0.000498503 -0.028278725 -1.841825128 -0.000773346 0.999952555 -0.009708957 -1.321870565 0.028272539 0.009726939 0.999553025 64.792366028
0.999601960 0.000276329 -0.028209763 -1.869340897 -0.000669981 0.999902487 -0.013945970 -1.353128433 0.028203160 0.013959317 0.999504685 65.877975464
0.999623060 0.003453643 -0.027235329 -1.922056317 -0.003860882 0.999881387 -0.014914228 -1.371283174 0.027180586 0.015013759 0.999517798 66.981071472
0.999622583 0.007625809 -0.026392819 -1.968198895 -0.007920555 0.999907196 -0.011081190 -1.411009073 0.026305873 0.011286053 0.999590218 68.087066650
0.999615192 0.009013512 -0.026234284 -1.997076631 -0.009240206 0.999920845 -0.008532820 -1.449160695 0.026155302 0.008771946 0.999619424 69.176925659
0.999606669 0.008891142 -0.026597954 -2.025291681 -0.009092170 0.999930918 -0.007446713 -1.490165830 0.026529910 0.007685617 0.999618411 70.282531738
0.999627113 0.007162833 -0.026350839 -2.068886518 -0.007348402 0.999948859 -0.006952195 -1.509449482 0.026299695 0.007143239 0.999628603 71.379470825
0.999618769 0.006368123 -0.026867585 -2.092335224 -0.006509717 0.999965370 -0.005185900 -1.537706733 0.026833633 0.005358822 0.999625623 72.471458435
0.999626696 0.004819596 -0.026892684 -2.138572693 -0.004916301 0.999981642 -0.003531022 -1.558236003 0.026875166 0.003661916 0.999632180 73.585227966
0.999603868 0.003513876 -0.027924011 -2.163527727 -0.003569780 0.999991655 -0.001952408 -1.582261562 0.027916918 0.002051317 0.999608159 74.688461304
0.999600291 0.002080634 -0.028191786 -2.200251818 -0.002170475 0.999992609 -0.003156570 -1.609588146 0.028185010 0.003216498 0.999597490 75.769050598
0.999579430 0.002823236 -0.028861260 -2.235154390 -0.003022962 0.999971747 -0.006878930 -1.634729981 0.028841024 0.006963283 0.999559700 76.849960327
0.999552965 0.003205555 -0.029725010 -2.272145987 -0.003470459 0.999954641 -0.008864526 -1.664612293 0.029695245 0.008963721 0.999518752 77.937927246
0.999528348 0.005085972 -0.030285442 -2.308737040 -0.005304117 0.999960542 -0.007126998 -1.692124963 0.030247999 0.007284274 0.999515891 79.023506165
0.999508977 0.006624832 -0.030622941 -2.350663185 -0.006721228 0.999972820 -0.003045973 -1.713925958 0.030601932 0.003250301 0.999526322 80.113555908
0.999475181 0.007396144 -0.031537671 -2.385532379 -0.007361497 0.999972105 0.001214582 -1.742666483 0.031545777 -0.000981780 0.999501824 81.189598083
0.999453664 0.008636143 -0.031899661 -2.431658506 -0.008574381 0.999961138 0.002072413 -1.766767859 0.031916317 -0.001797762 0.999488950 82.270088196
0.999429703 0.008143650 -0.032771260 -2.463433743 -0.008159285 0.999966621 -0.000343403 -1.780824900 0.032767359 0.000610597 0.999462783 83.358627319
0.999406338 0.008019469 -0.033506174 -2.497463942 -0.008053428 0.999967217 -0.000878708 -1.804623485 0.033498023 0.001148026 0.999438167 84.426452637
0.999404788 0.007686059 -0.033628739 -2.545417547 -0.007742048 0.999968827 -0.001535033 -1.818699002 0.033615895 0.001794474 0.999433160 85.489944458
0.999370337 0.006216437 -0.034931563 -2.576489687 -0.006261006 0.999979734 -0.001166654 -1.840227246 0.034923602 0.001384626 0.999389052 86.541175842
0.999356151 0.004997824 -0.035527267 -2.613284588 -0.004991814 0.999987483 0.000257819 -1.863380551 0.035528108 -0.000080307 0.999368668 87.569465637
0.999335468 0.004918784 -0.036114626 -2.654754639 -0.004810151 0.999983609 0.003094289 -1.888756037 0.036129255 -0.002918517 0.999342799 88.574691772
0.999315798 0.004240713 -0.036741164 -2.706382275 -0.004090817 0.999982953 0.004153989 -1.910707593 0.036758151 -0.004000845 0.999316156 89.565345764
0.999248207 0.003434869 -0.038615774 -2.749594450 -0.003279579 0.999986231 0.004084041 -1.924690127 0.038629267 -0.003954327 0.999245763 90.525352478
0.999130189 0.003041032 -0.041588843 -2.802873135 -0.002911056 0.999990642 0.003185471 -1.942848086 0.041598149 -0.003061633 0.999129653 91.462165833
0.998958588 0.002028877 -0.045580395 -2.837968111 -0.001927577 0.999995530 0.002266288 -1.961966276 0.045584790 -0.002176067 0.998958111 92.400375366
0.998829126 0.001675320 -0.048349146 -2.893002987 -0.001540127 0.999994755 0.002833290 -1.984352589 0.048353642 -0.002755509 0.998826504 93.299293518
0.998648167 0.003479906 -0.051862869 -2.937668562 -0.003294534 0.999987900 0.003659332 -1.996542335 0.051874977 -0.003483521 0.998647511 94.182067871
0.998504996 0.003962420 -0.054517098 -2.998121262 -0.003715470 0.999982417 0.004630357 -2.011904955 0.054534491 -0.004420878 0.998502135 95.038810730
0.998342514 0.005095299 -0.057326157 -3.053953171 -0.004743110 0.999969065 0.006277979 -2.030071735 0.057356369 -0.005995668 0.998335779 95.845611572
0.998185456 0.006732638 -0.059837710 -3.116839647 -0.006344537 0.999957621 0.006673525 -2.037722826 0.059880104 -0.006281772 0.998185873 96.635139465
0.997974753 0.009032750 -0.062966950 -3.156254292 -0.008604592 0.999938071 0.007067589 -2.053695917 0.063026883 -0.006511470 0.997990608 97.415176392
0.997783899 0.010570484 -0.065695025 -3.219251633 -0.010208243 0.999930799 0.005847203 -2.065608740 0.065752305 -0.005163614 0.997822523 98.156150818
0.997600794 0.011558929 -0.068258107 -3.276686430 -0.011425562 0.999931991 0.002343895 -2.081559896 0.068280555 -0.001558383 0.997664928 98.848968506
0.997406662 0.014086352 -0.070581153 -3.338193893 -0.014217323 0.999898016 -0.001353578 -2.093404055 0.070554905 0.002353542 0.997505009 99.535873413
0.997231245 0.015535423 -0.072722018 -3.395188808 -0.015865445 0.999866247 -0.003962670 -2.118617058 0.072650738 0.005105465 0.997344375 100.183532715
0.997119546 0.017760219 -0.073737532 -3.445282221 -0.018168028 0.999823034 -0.004863457 -2.134646893 0.073638111 0.006189113 0.997265816 100.803451538
0.997146368 0.019806398 -0.072848186 -3.496101618 -0.020156743 0.999788463 -0.004077153 -2.154153109 0.072752036 0.005533901 0.997334659 101.391090393
0.997309685 0.023610560 -0.069396541 -3.556700706 -0.023845820 0.999712288 -0.002563511 -2.171891689 0.069316052 0.004211431 0.997585893 101.944877625
0.997583330 0.026381945 -0.064276934 -3.591490269 -0.026526814 0.999647141 -0.001401361 -2.184484720 0.064217284 0.003103037 0.997931063 102.515075684
0.998005509 0.027174765 -0.056979280 -3.619407177 -0.027190560 0.999630153 0.000498160 -2.194798708 0.056971733 0.001052132 0.998375237 103.031570435
0.998513699 0.027320681 -0.047159728 -3.638521433 -0.027199987 0.999624848 0.003199143 -2.212954283 0.047229446 -0.001911645 0.998882174 103.539916992
0.999023855 0.027010534 -0.034954324 -3.654110670 -0.026865188 0.999628365 0.004621225 -2.229090929 0.035066161 -0.003677659 0.999378204 104.013618469
0.999417663 0.025748728 -0.022389749 -3.652521849 -0.025654996 0.999660909 0.004463670 -2.234465599 0.022497088 -0.003886661 0.999739468 104.499435425
0.999641120 0.025903968 -0.006823086 -3.646769524 -0.025876174 0.999656677 0.004131151 -2.251836061 0.006927757 -0.003953114 0.999968290 104.945869446
0.999646306 0.024386756 0.010612572 -3.624051809 -0.024401678 0.999701440 0.001278560 -2.263497829 -0.010578224 -0.001537072 0.999942839 105.366157532
0.999207973 0.023889657 0.031823851 -3.599434614 -0.023775013 0.999709427 -0.003976045 -2.269027472 -0.031909589 0.003216283 0.999485612 105.793800354
0.998210549 0.021620763 0.055751570 -3.547549009 -0.021154277 0.999736249 -0.008943886 -2.277287722 -0.055930234 0.007748498 0.998404622 106.205764771
0.996302843 0.019493235 0.083670348 -3.502913237 -0.018537320 0.999753892 -0.012186548 -2.283041239 -0.083887316 0.010590468 0.996419013 106.602783203
0.993465483 0.016400775 0.112948664 -3.427838802 -0.015026734 0.999802470 -0.013005860 -2.303139210 -0.113139644 0.011223626 0.993515670 106.999267578
0.989192247 0.014289200 0.145926505 -3.350138187 -0.012295781 0.999818444 -0.014553332 -2.318504810 -0.146107972 0.012601765 0.989188313 107.385726929
0.983373642 0.011638592 0.181221068 -3.246618271 -0.008822301 0.999827564 -0.016338989 -2.330274582 -0.181379989 0.014468545 0.983306646 107.756088257
0.975566447 0.008314623 0.219547078 -3.135258675 -0.004742899 0.999847710 -0.016790675 -2.344087362 -0.219653308 0.015339134 0.975457370 108.115692139
0.965690255 0.006270604 0.259620726 -3.011121511 -0.001778281 0.999844551 -0.017534660 -2.359361410 -0.259690404 0.016471373 0.965551436 108.462051392
0.953375340 0.006808930 0.301710188 -2.878182411 -0.001287975 0.999828100 -0.018494027 -2.376712799 -0.301784277 0.017243154 0.953220308 108.812088013
0.938162565 0.009363296 0.346068323 -2.728871107 -0.002979208 0.999815524 -0.018974826 -2.390612125 -0.346182138 0.016770465 0.938017368 109.144630432
0.920407176 0.009593827 0.390843511 -2.561926842 -0.002894480 0.999838710 -0.017726228 -2.401352882 -0.390950501 0.015184060 0.920286477 109.471130371
0.900136471 0.008729601 0.435520411 -2.374460697 -0.001813736 0.999865711 -0.016292736 -2.416960239 -0.435604095 0.013875766 0.900031269 109.783767700
0.877036154 0.007754145 0.480361640 -2.168937206 0.000403514 0.999857426 -0.016876733 -2.430904150 -0.480424076 0.014995339 0.876908064 110.093971252
0.852119446 0.008515917 0.523277938 -1.948546529 0.001786107 0.999814391 -0.019179696 -2.443852663 -0.523344278 0.017278025 0.851946115 110.374656677
0.824688673 0.010768771 0.565484345 -1.723679900 0.002041842 0.999755561 -0.022016563 -2.464827776 -0.565583229 0.019311441 0.824465036 110.639938354
0.793606639 0.014991534 0.608246624 -1.484584808 0.001050665 0.999661148 -0.026009629 -2.485050917 -0.608430505 0.021280473 0.793321848 110.924621582
0.759692490 0.021138903 0.649938881 -1.227334857 -0.002303449 0.999552727 -0.029817473 -2.497221231 -0.650278509 0.021155007 0.759401321 111.183357239
0.722728133 0.026059639 0.690640986 -0.947290957 -0.004326690 0.999439955 -0.033183701 -2.504384756 -0.691118896 0.020994602 0.722436070 111.433059692
0.683612049 0.026398389 0.729368091 -0.643734396 -0.002643428 0.999428749 -0.033695236 -2.523624659 -0.729840875 0.021106431 0.683291197 111.662628174
0.642573476 0.023816895 0.765853763 -0.319899976 0.001319185 0.999480844 -0.032189183 -2.538843632 -0.766222835 0.021694219 0.642208576 111.881729126
0.598603666 0.021863952 0.800746918 0.018058583 0.002806167 0.999564052 -0.029390316 -2.549240351 -0.801040411 0.019840181 0.598281384 112.086875916
0.551916480 0.020765698 0.833640814 0.365877420 0.002600372 0.999642253 -0.026622321 -2.568688631 -0.833895266 0.016861076 0.551664948 112.274887085
0.504320323 0.017917411 0.863330722 0.732499838 0.004807943 0.999710917 -0.023556413 -2.576570749 -0.863503277 0.016030820 0.504088283 112.446914673
0.453767121 0.014129269 0.891008258 1.118963838 0.007260191 0.999782503 -0.019551596 -2.594417334 -0.891090751 0.015340764 0.453565896 112.597892761
0.402008474 0.014330759 0.915523767 1.508260012 0.004686127 0.999832213 -0.017708134 -2.609299898 -0.915623963 0.011409080 0.401873857 112.736312866
0.350722045 0.019200582 0.936282694 1.922304749 0.000911128 0.999782264 -0.020844083 -2.626262426 -0.936479211 0.008163553 0.350628167 112.862495422
0.300300449 0.024185713 0.953538001 2.347641230 0.000719464 0.999672413 -0.025582463 -2.638465881 -0.953844309 0.008368459 0.300184667 112.964576721
0.253601670 0.025783982 0.966965079 2.786820412 0.002429387 0.999624491 -0.027291989 -2.654443979 -0.967305601 0.009270425 0.253443837 113.041069031
0.212521449 0.025826488 0.976815045 3.258348703 0.009683174 0.999545872 -0.028534209 -2.669780731 -0.977108419 0.015522802 0.212174863 113.107566833
0.177577153 0.025843207 0.983767509 3.742918253 0.017128410 0.999422550 -0.029346261 -2.684050322 -0.983957767 0.022061598 0.177031979 113.152847290
0.146815777 0.027572794 0.988779604 4.244017601 0.020833444 0.999303579 -0.030959655 -2.694392443 -0.988944411 0.025145046 0.146139115 113.204727173
0.119048856 0.025581041 0.992558777 4.772524834 0.019300697 0.999419570 -0.028072812 -2.718355656 -0.992700756 0.022499112 0.118486024 113.250747681
0.093110196 0.022103786 0.995410442 5.317557335 0.012793031 0.999644518 -0.023394456 -2.737997293 -0.995573580 0.014912580 0.092794321 113.306137085
0.069578484 0.018192008 0.997410595 5.886387825 0.007766499 0.999793530 -0.018777255 -2.753711462 -0.997546196 0.009052879 0.069422826 113.335838318
0.047030576 0.015478469 0.998773575 6.478978157 0.012226481 0.999796152 -0.016070042 -2.774244785 -0.998818636 0.012967268 0.046831738 113.346557617
0.026845666 0.016181359 0.999508619 7.083156586 0.020147840 0.999657094 -0.016724911 -2.796572208 -0.999436557 0.020586928 0.026510438 113.338768005
0.009043615 0.018553773 0.999786973 7.712388039 0.024281247 0.999528944 -0.018768620 -2.821345806 -0.999664247 0.024445815 0.008588847 113.336128235
-0.005213053 0.024093533 0.999696136 8.372976303 0.024987949 0.999400675 -0.023956109 -2.830811977 -0.999674082 0.024855472 -0.005811976 113.324539185
-0.015619885 0.028628485 0.999468088 9.050477028 0.023201143 0.999331176 -0.028261978 -2.842177391 -0.999608755 0.022747355 -0.016273655 113.310455322
-0.022596287 0.028399725 0.999341309 9.757884026 0.024080187 0.999321997 -0.027854694 -2.868468523 -0.999454677 0.023434913 -0.023264838 113.296447754
-0.025137370 0.025181752 0.999366820 10.466772079 0.029925345 0.999253631 -0.024426181 -2.899465799 -0.999236047 0.029292386 -0.025872186 113.264205933
-0.024314506 0.023475416 0.999428689 11.224982262 0.031901933 0.999233305 -0.022694707 -2.916263580 -0.999195158 0.031331897 -0.025044773 113.239990234
-0.022945626 0.023489811 0.999460638 12.001737595 0.031530440 0.999243498 -0.022760833 -2.928373814 -0.999239445 0.030991163 -0.023668906 113.244506836
-0.021279329 0.023483219 0.999497712 12.785475731 0.026941914 0.999374509 -0.022906728 -2.966254950 -0.999410450 0.026440941 -0.021898704 113.232887268
-0.019922245 0.024788922 0.999494135 13.572805405 0.026029238 0.999366581 -0.024266934 -2.985776901 -0.999462605 0.025532618 -0.020554863 113.217727661
-0.019172655 0.025693724 0.999485970 14.417615891 0.025970200 0.999345243 -0.025191925 -3.014435291 -0.999478877 0.025473857 -0.019827375 113.210464478
-0.018375531 0.025267666 0.999511778 15.252549171 0.025395704 0.999369860 -0.024797186 -3.040358067 -0.999508619 0.024927642 -0.019005645 113.201301575
-0.017871719 0.024024956 0.999551594 16.130985260 0.023732159 0.999439776 -0.023597945 -3.072599173 -0.999558568 0.023299782 -0.018431870 113.192192078
-0.017349258 0.022792680 0.999589682 16.994361877 0.025420632 0.999427021 -0.022347761 -3.099378347 -0.999526262 0.025022482 -0.017918719 113.173324585
-0.017700912 0.020582708 0.999631464 17.903324127 0.024897546 0.999487162 -0.020138865 -3.129122496 -0.999533296 0.024531892 -0.018204290 113.158477783
-0.018806685 0.018529363 0.999651432 18.793823242 0.022417372 0.999584675 -0.018106382 -3.169112682 -0.999571800 0.022069033 -0.019214258 113.144515991
-0.020155733 0.017891435 0.999636769 19.695222855 0.021987118 0.999606013 -0.017447555 -3.185153961 -0.999554932 0.021627462 -0.020541176 113.134902954
-0.021871159 0.015439108 0.999641597 20.581449509 0.024471352 0.999589562 -0.014902890 -3.203630924 -0.999461174 0.024136638 -0.022239998 113.118133545
-0.022531189 0.013763423 0.999651313 21.537916183 0.025960356 0.999576151 -0.013177265 -3.237255335 -0.999409020 0.025654407 -0.022878943 113.095176697
-0.024032762 0.012699637 0.999630451 22.476476669 0.023412602 0.999652207 -0.012137034 -3.265932322 -0.999436975 0.023112264 -0.024321735 113.070899963
-0.025116099 0.017339941 0.999534190 23.385910034 0.020557832 0.999647081 -0.016825328 -3.299307585 -0.999473095 0.020125668 -0.025463704 113.060340881
-0.025906449 0.022453852 0.999412179 24.368062973 0.021181256 0.999535561 -0.021907575 -3.317469358 -0.999439955 0.020601258 -0.026370019 113.040206909
-0.027717896 0.024595380 0.999313176 25.332674026 0.020945739 0.999492049 -0.024018817 -3.340321302 -0.999396384 0.020265602 -0.028218985 113.031547546
-0.028266702 0.021629138 0.999366403 26.274808884 0.018113852 0.999612749 -0.021122128 -3.387709141 -0.999436438 0.017505322 -0.028647542 112.990570068
-0.029555231 0.017151926 0.999415994 27.237470627 0.014987662 0.999747992 -0.016714396 -3.426810503 -0.999450803 0.014484913 -0.029804850 112.976203918
-0.030180480 0.011913144 0.999473572 28.181884766 0.013029856 0.999848664 -0.011524162 -3.452544451 -0.999459565 0.012675193 -0.030331144 112.953338623
-0.029921170 0.006704911 0.999529779 29.172920227 0.009723321 0.999932051 -0.006416541 -3.474623919 -0.999504924 0.009526757 -0.029984336 112.929313660
-0.029894846 0.004925794 0.999540985 30.152641296 0.007557507 0.999960363 -0.004701828 -3.509383202 -0.999524534 0.007413477 -0.029930886 112.907844543
-0.028985884 0.012079802 0.999506772 31.099431992 0.009924102 0.999881148 -0.011796527 -3.538949728 -0.999530494 0.009577273 -0.029102320 112.882354736
-0.027247271 0.023433240 0.999354064 32.027820587 0.012611790 0.999653637 -0.023096412 -3.563213348 -0.999549150 0.011974326 -0.027533369 112.842178345
-0.027010242 0.028965779 0.999215424 32.981369019 0.014189557 0.999490499 -0.028590187 -3.584363461 -0.999534488 0.013406196 -0.027407492 112.818733215
-0.025993947 0.023307350 0.999390364 33.945922852 0.015543302 0.999616742 -0.022908347 -3.623782396 -0.999541342 0.014938346 -0.026346255 112.813552856
-0.024988495 0.015783977 0.999563098 34.896644592 0.018668963 0.999708354 -0.015319556 -3.658697605 -0.999513388 0.018277995 -0.025275879 112.779624939
-0.024641188 0.012723842 0.999615371 35.863967896 0.019598590 0.999732971 -0.012242220 -3.690835238 -0.999504268 0.019289387 -0.024883978 112.768112183
-0.024729464 0.013647162 0.999601007 36.794235229 0.019158427 0.999729633 -0.013174951 -3.716194630 -0.999510586 0.018824970 -0.024984237 112.748977661
-0.025628535 0.014667226 0.999563932 37.736305237 0.015180010 0.999782801 -0.014281224 -3.741900682 -0.999556303 0.014807388 -0.025845617 112.735054016
-0.027671445 0.014807056 0.999507368 38.663249969 0.012956561 0.999811649 -0.014452858 -3.772726774 -0.999533176 0.012550250 -0.027858080 112.715454102
-0.029809142 0.014527453 0.999450028 39.590419769 0.012529179 0.999821246 -0.014159160 -3.807839155 -0.999477088 0.012100217 -0.029985832 112.692230225
-0.032063682 0.014771529 0.999376655 40.503479004 0.011214108 0.999833167 -0.014418487 -3.839929819 -0.999422908 0.010744809 -0.032223985 112.671958923
-0.034098580 0.015147217 0.999303699 41.432628632 0.009931072 0.999840915 -0.014816486 -3.871316195 -0.999369085 0.009418935 -0.034243584 112.647994995
-0.036357034 0.014525855 0.999233305 42.346382141 0.008015957 0.999866426 -0.014243399 -3.893822670 -0.999306619 0.007491962 -0.036468618 112.630165100
-0.037979551 0.013368296 0.999189079 43.242778778 0.008450080 0.999879062 -0.013056337 -3.924269199 -0.999242783 0.007947355 -0.038087919 112.585632324
-0.039736990 0.012760461 0.999128640 44.135860443 0.008039902 0.999890149 -0.012450426 -3.968377829 -0.999177814 0.007538156 -0.039835215 112.547416687
-0.042009756 0.014616103 0.999010384 45.043586731 0.008342299 0.999863207 -0.014277779 -3.978959084 -0.999082446 0.007734237 -0.042125940 112.526550293
-0.043580923 0.015152946 0.998934984 45.968990326 0.008585622 0.999853671 -0.014792314 -4.001930714 -0.999012947 0.007931815 -0.043704644 112.511360168
-0.043868892 0.013651852 0.998944044 46.817886353 0.010455696 0.999858141 -0.013205183 -4.034855843 -0.998982728 0.009865355 -0.044005405 112.448135376
-0.044787161 0.013001194 0.998911977 47.697902679 0.010550927 0.999865651 -0.012540547 -4.065431118 -0.998940825 0.009977791 -0.044918321 112.402000427
-0.046863098 0.012439857 0.998823881 48.572517395 0.009212271 0.999885261 -0.012020855 -4.095111370 -0.998858869 0.008638103 -0.046972323 112.377838135
-0.047309361 0.012547203 0.998801470 49.427276611 0.008375811 0.999890864 -0.012164159 -4.107677937 -0.998845279 0.007790292 -0.047409289 112.335075378
-0.048378326 0.010568785 0.998773217 50.276138306 0.006562921 0.999925792 -0.010263089 -4.145421982 -0.998807609 0.006058357 -0.048444096 112.303390503
-0.049617101 0.010161936 0.998716533 51.099960327 0.006669054 0.999929309 -0.009842951 -4.173336506 -0.998746157 0.006172116 -0.049681351 112.270065308
-0.049779348 0.012770054 0.998678505 51.908973694 0.006724899 0.999899924 -0.012450466 -4.198433399 -0.998737574 0.006096235 -0.049860235 112.236198425
-0.049725868 0.016265588 0.998630464 52.711719513 0.007625649 0.999844372 -0.015905650 -4.214167118 -0.998733759 0.006824284 -0.049842171 112.198234558
-0.050002407 0.017100807 0.998602748 53.512794495 0.005182642 0.999844313 -0.016862568 -4.252362251 -0.998735726 0.004332231 -0.050083254 112.165199280
-0.049974024 0.018412329 0.998580754 54.307128906 0.005527093 0.999819815 -0.018158570 -4.274192810 -0.998735189 0.004611791 -0.050066788 112.129074097
-0.049648907 0.018287588 0.998599350 55.093112946 0.007258769 0.999812543 -0.017948911 -4.301012993 -0.998740375 0.006357457 -0.049772345 112.085540771
-0.050222967 0.017482691 0.998584986 55.892169952 0.006968117 0.999828577 -0.017154006 -4.335545063 -0.998713672 0.006096733 -0.050336178 112.054191589
-0.050746202 0.017502185 0.998558223 56.674926758 0.003002680 0.999844491 -0.017372143 -4.366373062 -0.998707056 0.002116780 -0.050790872 112.026275635
-0.050730813 0.017863113 0.998552620 57.456604004 0.000397962 0.999840200 -0.017865933 -4.394924164 -0.998712301 -0.000508968 -0.050729819 112.001106262
-0.050545547 0.016290518 0.998588860 58.238712311 0.002183585 0.999866366 -0.016200835 -4.425566196 -0.998719335 0.001361624 -0.050574366 111.959846497
-0.051226392 0.015906060 0.998560369 59.018096924 0.003018705 0.999871075 -0.015772076 -4.448838711 -0.998682499 0.002206413 -0.051267806 111.923332214
-0.054755297 0.015172629 0.998384535 59.780063629 -0.000686339 0.999883711 -0.015233058 -4.476739407 -0.998499513 -0.001519320 -0.054738514 111.882652283
-0.060051978 0.014453808 0.998090565 60.551879883 -0.004320360 0.999881983 -0.014739694 -4.508295536 -0.998185992 -0.005197259 -0.059982441 111.841590881
-0.066001341 0.018133285 0.997654736 61.307537079 -0.000979771 0.999833345 -0.018237699 -4.537712097 -0.997819006 -0.002181185 -0.065972567 111.792121887
-0.072990760 0.021343833 0.997104168 62.071308136 0.001142483 0.999772131 -0.021317311 -4.555148125 -0.997331977 -0.000416792 -0.072998509 111.738662720
-0.079906054 0.022437584 0.996549845 62.835983276 0.000590464 0.999747515 -0.022462236 -4.592741966 -0.996802211 -0.001206442 -0.079899110 111.676139832
-0.087079391 0.021567788 0.995967865 63.617721558 -0.003148107 0.999754667 -0.021925038 -4.619036674 -0.996196389 -0.005044633 -0.086990125 111.629272461
-0.091296650 0.020505283 0.995612562 64.393119812 -0.003612763 0.999774575 -0.020922290 -4.646815300 -0.995817125 -0.005507047 -0.091201976 111.542091370
-0.095849194 0.020843297 0.995177686 65.177810669 -0.005912008 0.999751270 -0.021508496 -4.673369884 -0.995378315 -0.007945071 -0.095702119 111.472084045
-0.100076891 0.019903066 0.994780540 65.975929260 -0.008359248 0.999747753 -0.020843405 -4.706614971 -0.994944632 -0.010401562 -0.099885270 111.398986816
-0.102998987 0.016164767 0.994550049 66.786262512 -0.008084889 0.999821246 -0.017087741 -4.737712860 -0.994648635 -0.009800846 -0.102849886 111.324966431
-0.104429223 0.013825135 0.994436204 67.607330322 -0.005823447 0.999877632 -0.014512329 -4.757034302 -0.994515181 -0.007306557 -0.104335949 111.233879089
-0.106619723 0.010746473 0.994241834 68.443748474 -0.006289755 0.999914169 -0.011482283 -4.785590172 -0.994279981 -0.007477775 -0.106542997 111.161460876
-0.107635759 0.011208971 0.994127154 69.269615173 -0.006485366 0.999907196 -0.011976323 -4.799430370 -0.994169235 -0.007736360 -0.107553072 111.073486328
-0.108408354 0.014843823 0.993995607 70.093444824 -0.005050959 0.999867380 -0.015482384 -4.823764801 -0.994093597 -0.006699051 -0.108318992 110.988288879
-0.108351544 0.018802337 0.993934810 70.947807312 0.000915759 0.999822557 -0.018813889 -4.851344585 -0.994112194 -0.001128309 -0.108349532 110.891189575
-0.108345062 0.023925759 0.993825376 71.788391113 0.008128351 0.999698222 -0.023181006 -4.879577637 -0.994080186 0.005566615 -0.108506843 110.782852173
-0.109112129 0.024886759 0.993717849 72.652908325 0.009052537 0.999669969 -0.024041833 -4.909015179 -0.993988216 0.006372413 -0.109301411 110.689720154
-0.109774493 0.022489103 0.993701994 73.516960144 0.006778211 0.999737680 -0.021876909 -4.939968109 -0.993933320 0.004333996 -0.109898135 110.604812622
-0.110407121 0.017920291 0.993724823 74.386711121 0.007723785 0.999822676 -0.017172113 -4.968389511 -0.993856311 0.005779393 -0.110525973 110.519218445
-0.109865949 0.015557793 0.993824661 75.245124817 0.009389929 0.999849141 -0.014614057 -5.003454685 -0.993902028 0.007726356 -0.109995462 110.419509888
-0.110512532 0.015480001 0.993754148 76.094123840 0.009818336 0.999846995 -0.014483038 -5.030615330 -0.993826151 0.008156455 -0.110647604 110.329635620
-0.112553783 0.015957629 0.993517518 76.957962036 0.008071751 0.999852717 -0.015144950 -5.063479424 -0.993612945 0.006314806 -0.112666003 110.243408203
-0.114524521 0.017250299 0.993270576 77.798698425 0.007157481 0.999837518 -0.016539089 -5.082862377 -0.993394673 0.005215184 -0.114629395 110.150581360
-0.116931036 0.016833127 0.992997468 78.664657593 0.007949009 0.999840140 -0.016013084 -5.119350433 -0.993108213 0.006020916 -0.117046155 110.049819946
-0.118798830 0.016774623 0.992776573 79.509483337 0.007788612 0.999842227 -0.015962001 -5.142311573 -0.992887735 0.005836083 -0.118910730 109.950981140
-0.120507285 0.016633296 0.992573082 80.373176575 0.008243072 0.999841869 -0.015754323 -5.172414303 -0.992678225 0.006283340 -0.120625362 109.844383240
-0.122562744 0.016863886 0.992317617 81.255699158 0.005997791 0.999849916 -0.016251100 -5.199405670 -0.992442667 0.003959933 -0.122645505 109.749961853
-0.124213718 0.018390434 0.992085040 82.115585327 0.005670030 0.999825120 -0.017824000 -5.230612755 -0.992239356 0.003411167 -0.124296255 109.657112122
-0.124498390 0.018690243 0.992043734 82.981369019 0.004362227 0.999823213 -0.018289363 -5.259630203 -0.992210209 0.002050522 -0.124557912 109.544151306
-0.125582129 0.019281317 0.991895795 83.825149536 0.004374502 0.999812186 -0.018881351 -5.281057358 -0.992073536 0.001967889 -0.125642911 109.444335938
-0.126975462 0.017517589 0.991751254 84.743133545 0.004925122 0.999842823 -0.017029952 -5.309944153 -0.991893649 0.002722109 -0.127041772 109.339241028
-0.128465250 0.015444625 0.991593659 85.633003235 0.002543814 0.999880612 -0.015244134 -5.332901955 -0.991710782 0.000564089 -0.128489196 109.240806580
-0.129805744 0.013187198 0.991451740 86.529075623 -0.000700486 0.999909997 -0.013391414 -5.360312462 -0.991539240 -0.002432781 -0.129784822 109.126525879
-0.131584704 0.012782863 0.991222441 87.400695801 0.000780083 0.999917865 -0.012791442 -5.381106377 -0.991304696 -0.000909922 -0.131583840 109.003929138
-0.133578569 0.013511641 0.990946114 88.343307495 0.002336145 0.999908566 -0.013318934 -5.408600807 -0.991035461 0.000535869 -0.133597940 108.883796692
-0.135808915 0.014869397 0.990623534 89.170097351 0.001900898 0.999889433 -0.014747879 -5.432745934 -0.990733325 -0.000119820 -0.135822192 108.778343201
-0.137272641 0.018325228 0.990363717 90.177116394 0.003146341 0.999831855 -0.018064311 -5.463461399 -0.990528286 0.000636286 -0.137307242 108.638259888
-0.137528375 0.021918125 0.990255296 91.077987671 0.004886389 0.999757946 -0.021449830 -5.495295525 -0.990485787 0.001888812 -0.137602210 108.510025024
-0.139082000 0.025915023 0.989941776 92.015525818 0.006415366 0.999660134 -0.025268108 -5.533539295 -0.990260065 0.002836500 -0.139200985 108.388092041
-0.138483524 0.027378174 0.989986241 92.969207764 0.008241742 0.999615073 -0.026491569 -5.557346344 -0.990330398 0.004490563 -0.138655871 108.252525330
-0.137220800 0.026866604 0.990176082 93.903213501 0.011161795 0.999610603 -0.025575764 -5.594123840 -0.990477443 0.007542613 -0.137467265 108.109985352
-0.137795880 0.024478078 0.990158081 94.873199463 0.012355620 0.999659240 -0.022993481 -5.635032654 -0.990383565 0.009065612 -0.138051331 107.985664368
-0.136940494 0.023123069 0.990309358 95.826850891 0.012116637 0.999691844 -0.021666648 -5.665279388 -0.990505159 0.009032178 -0.137178451 107.860885620
-0.135038391 0.020355556 0.990631282 96.811737061 0.010770191 0.999760032 -0.019074988 -5.706588268 -0.990781784 0.008093432 -0.135225236 107.726966858
-0.133432895 0.017719172 0.990899503 97.783317566 0.011433831 0.999801099 -0.016338691 -5.730004787 -0.990991890 0.009149658 -0.133608967 107.600982666
-0.131856188 0.013714537 0.991173923 98.769226074 0.011468020 0.999858439 -0.012309106 -5.769786835 -0.991202414 0.009743773 -0.131994799 107.474151611
-0.130820557 0.013855799 0.991309226 99.750358582 0.009933398 0.999870479 -0.012664578 -5.797825813 -0.991356254 0.008190283 -0.130941227 107.365150452
-0.128854498 0.017893685 0.991502047 100.717239380 0.010922022 0.999802172 -0.016624060 -5.834451675 -0.991603374 0.008687124 -0.129024461 107.231399536
-0.127455875 0.024347721 0.991545379 101.698333740 0.011734209 0.999665737 -0.023038773 -5.866375923 -0.991774797 0.008698575 -0.127698973 107.121269226
-0.125235915 0.027539728 0.991744697 102.674369812 0.009928371 0.999599397 -0.026504109 -5.902945042 -0.992077231 0.006527142 -0.125459164 106.986961365
-0.123964801 0.025375772 0.991962135 103.655570984 0.008597910 0.999662876 -0.024498297 -5.933200836 -0.992249250 0.005491875 -0.124141194 106.882728577
