1.000000000 0.000000000 0.000000000 0.000000000 0.000000000 0.999961495 0.000000000 -0.000065506 0.000000000 0.000000000 0.999961495 0.000000001
0.999874353 0.001414944 0.015789021 0.015278189 -0.001398759 0.999979198 -0.001034372 0.000343431 -0.015790159 0.001012157 0.999855518 0.123380154
0.999284923 0.004420249 0.037550598 0.025354121 -0.004393418 0.999970794 -0.000794753 0.004162955 -0.037553012 0.000629209 0.999275148 0.276641965
0.997888207 0.006044095 0.064673416 0.057697721 -0.006110743 0.999961734 0.000834572 -0.000971059 -0.064665899 -0.001228012 0.997886956 0.439020097
0.995075047 0.005808178 0.098954186 0.100346953 -0.006152800 0.999956787 0.003178960 -0.001402439 -0.098931439 -0.003772149 0.995067775 0.624173522
0.990651608 0.002774455 0.136388227 0.163682759 -0.003489582 0.999981403 0.005004515 -0.000536853 -0.136371821 -0.005433669 0.990642846 0.813452184
0.984378576 -0.000376762 0.176064387 0.234165475 -0.000554449 0.999986112 0.005239814 0.000143022 -0.176063910 -0.005255578 0.984364748 1.002521396
0.975568593 -0.000362534 0.219694868 0.318677634 -0.001090376 0.999978304 0.006492014 0.000366749 -0.219692484 -0.006572955 0.975547016 1.214283943
0.963453114 0.000216068 0.267876863 0.410238683 -0.002830151 0.999952078 0.009372439 0.002855881 -0.267862022 -0.009788037 0.963407516 1.429895639
0.948942065 -0.003798514 0.315427274 0.525899947 -0.001542791 0.999859571 0.016682137 -0.002561858 -0.315446377 -0.016317019 0.948803067 1.647482753
0.931944072 -0.012808258 0.362375796 0.672868192 0.004125260 0.999685764 0.024724942 -0.006663300 -0.362578601 -0.021547370 0.931704044 1.883067966
0.910576165 -0.017808380 0.412957579 0.824473798 0.006457203 0.999562383 0.028866919 -0.004012107 -0.413290858 -0.023618972 0.910292685 2.092179298
0.885109305 -0.018958254 0.464996874 0.997193038 0.004207408 0.999455035 0.032739803 0.002300251 -0.465364218 -0.027021870 0.884706736 2.339286566
0.856802046 -0.021726428 0.515187442 1.192417860 0.002951302 0.999302208 0.037234180 0.005773715 -0.515636861 -0.030381858 0.856268406 2.568199396
0.824404716 -0.026623014 0.565374136 1.410516977 0.003820350 0.999132097 0.041477650 0.010696087 -0.565987766 -0.032034457 0.823791027 2.799376488
0.788401365 -0.032162435 0.614319861 1.656133294 0.005769333 0.998974979 0.044896681 0.012537071 -0.615134180 -0.031852379 0.787778795 3.028408527
0.750100911 -0.035981365 0.660343707 1.916672707 0.006170963 0.998856306 0.047416758 0.021118054 -0.661294460 -0.031492408 0.749465048 3.257128716
0.709833860 -0.038939267 0.703291893 2.214790344 0.006914385 0.998807967 0.048322443 0.033872657 -0.704335153 -0.029438073 0.709256828 3.496170759
0.667667925 -0.040259115 0.743369818 2.543175936 0.005479019 0.998775363 0.049170196 0.055526726 -0.744439065 -0.028756429 0.667070866 3.739021540
0.624682546 -0.040360957 0.779834986 2.889539480 0.000442716 0.998681545 0.051332891 0.068088822 -0.780878544 -0.031721517 0.623876750 3.977457762
0.583125532 -0.040803269 0.811356723 3.274994850 -0.002606551 0.998638749 0.052095059 0.088443376 -0.812377870 -0.032492790 0.582225382 4.203986645
0.542889655 -0.042337283 0.838736057 3.708380699 -0.004081571 0.998583615 0.053047869 0.108291596 -0.839793980 -0.032222502 0.541947961 4.446022511
0.504246891 -0.044297781 0.862422526 4.150804996 -0.005830399 0.998486102 0.054695539 0.129374489 -0.863539934 -0.032608327 0.503225207 4.667164803
0.466327757 -0.044078175 0.883513212 4.651525974 -0.008986557 0.998470128 0.054556549 0.148412421 -0.884566367 -0.033380970 0.465218276 4.916934490
0.429643810 -0.043367200 0.901956558 5.157004833 -0.009928869 0.998558760 0.052741542 0.168728396 -0.902943850 -0.031615485 0.428594023 5.127698898
0.396698326 -0.041536298 0.917008817 5.745844364 -0.009171578 0.998746514 0.049206272 0.203669190 -0.917903185 -0.027930465 0.395820111 5.338425636
0.367490292 -0.039737757 0.929177999 6.321149826 -0.007183067 0.998935640 0.045561966 0.222149044 -0.929999530 -0.023417925 0.366813719 5.535450935
0.341492176 -0.037867602 0.939121485 6.960053444 -0.005741203 0.999085486 0.042373151 0.255250573 -0.939867079 -0.019861789 0.340962410 5.758098125
0.321557850 -0.038082529 0.946123838 7.601594925 -0.004832656 0.999111950 0.041857820 0.268734008 -0.946877539 -0.018032003 0.321088195 5.954875946
0.306162268 -0.038104191 0.951216459 8.302348137 -0.003586891 0.999145389 0.041178633 0.304504365 -0.951972604 -0.016019251 0.305763870 6.190683365
0.295431554 -0.039589167 0.954543293 9.024024010 -0.002225976 0.999109805 0.042126477 0.332737952 -0.955361307 -0.014570280 0.295080453 6.391879082
0.284140438 -0.041106101 0.957901180 9.774509430 -0.004151849 0.999018371 0.044102114 0.361392379 -0.958773613 -0.016508259 0.283690870 6.622714043
0.273532897 -0.042882659 0.960906267 10.544137955 -0.005509911 0.998919427 0.046147540 0.396463335 -0.961846828 -0.017917380 0.273001045 6.840009212
0.263838261 -0.044790648 0.963526368 11.360447884 -0.006719077 0.998811841 0.048270773 0.421645015 -0.964543462 -0.019209689 0.263223797 7.054887772
0.253869355 -0.046435710 0.966123164 12.169766426 -0.007027657 0.998732030 0.049849685 0.463285655 -0.967213035 -0.019444890 0.253221124 7.265395164
0.243229255 -0.047741964 0.968793154 13.055154800 -0.007759979 0.998660147 0.051162053 0.499043763 -0.969937801 -0.019961921 0.242532909 7.487093925
0.233572587 -0.048609387 0.971123517 13.932279587 -0.007824668 0.998623312 0.051867854 0.543065190 -0.972307861 -0.019713629 0.232870683 7.684118271
0.222614706 -0.051907778 0.973523617 14.832568169 -0.009641405 0.998415470 0.055439688 0.574635863 -0.974858820 -0.021727826 0.221761510 7.894468307
0.211690143 -0.055574160 0.975755513 15.744975090 -0.011031161 0.998182535 0.059244704 0.610956907 -0.977274537 -0.023305237 0.210692376 8.087140083
0.198883712 -0.059157357 0.978236020 16.670160294 -0.012100253 0.997952104 0.062809750 0.661999524 -0.979948342 -0.024328740 0.197760627 8.286285400
0.186055139 -0.061539039 0.980610192 17.597263336 -0.013396914 0.997784972 0.065158695 0.702727497 -0.982447982 -0.025260264 0.184818581 8.458186150
0.171690583 -0.061915983 0.983203292 18.537679672 -0.013395546 0.997784019 0.065173365 0.744912088 -0.985059798 -0.024360193 0.170480728 8.625256538
0.157147884 -0.060633980 0.985711932 19.487331390 -0.014908014 0.997854054 0.063757591 0.792986453 -0.987462580 -0.024714379 0.155906722 8.782775879
0.141062230 -0.059551381 0.988207996 20.430988312 -0.015113447 0.997943461 0.062295429 0.838385522 -0.989885330 -0.023722764 0.139872089 8.898372650
0.119987786 -0.058228068 0.991066277 21.358043671 -0.018050293 0.997985542 0.060819928 0.873623133 -0.992611289 -0.025186686 0.118695050 9.019387245
0.094828561 -0.056575626 0.993884683 22.345922470 -0.022808677 0.997998178 0.058986004 0.922053933 -0.995232284 -0.028262746 0.093348317 9.114409447
0.064894773 -0.056540579 0.996289074 23.296960831 -0.025933500 0.997960806 0.058324672 0.952766538 -0.997555196 -0.029622227 0.063296147 9.167579651
0.031255055 -0.056022946 0.997940183 24.315153122 -0.029344568 0.997946084 0.056942340 0.998310268 -0.999080539 -0.031063864 0.029546889 9.203842163
-0.003058461 -0.055180077 0.998471737 25.288158417 -0.031343240 0.997991145 0.055057503 1.037014723 -0.999503970 -0.031126950 -0.004781842 9.189500809
-0.037087649 -0.054384496 0.997831047 26.297880173 -0.032167248 0.998065531 0.053201672 1.067179322 -0.998794138 -0.030124351 -0.038765296 9.150474548
-0.069411993 -0.052774299 0.996191204 27.276016235 -0.034042273 0.998143435 0.050505746 1.092082977 -0.997007072 -0.030406907 -0.071079686 9.072300911
-0.102558590 -0.049504232 0.993494391 28.291200638 -0.037041169 0.998258233 0.045917846 1.128913283 -0.994037211 -0.032090928 -0.104213625 8.973854065
-0.135074288 -0.045106515 0.989808202 29.265293121 -0.034439418 0.998573363 0.040806167 1.148803473 -0.990236819 -0.028576557 -0.136435002 8.834089279
-0.165886432 -0.039151773 0.985367298 30.285106659 -0.029059732 0.998971701 0.034800112 1.172924876 -0.985716522 -0.022861637 -0.166853607 8.636585236
-0.196408823 -0.033019096 0.979965985 31.269397736 -0.022250339 0.999325514 0.029211899 1.182693481 -0.980269551 -0.016067099 -0.197011054 8.424326897
-0.225605711 -0.026912516 0.973846912 32.245929718 -0.016825594 0.999576926 0.023725679 1.199386001 -0.974073350 -0.011032904 -0.225963071 8.185610771
-0.253219157 -0.021020580 0.967180550 33.205146790 -0.008621548 0.999773264 0.019471722 1.203589678 -0.967370510 -0.003407979 -0.253342956 7.909406185
-0.278901249 -0.010365922 0.960263848 34.138492584 -0.002273445 0.999946058 0.010133980 1.195495009 -0.960317075 0.000643272 -0.278909773 7.616294861
-0.304654509 0.004847869 0.952450573 35.098934174 0.001792125 0.999988198 -0.004516594 1.173549414 -0.952461243 0.000330910 -0.304659575 7.295414448
-0.329372108 0.022298101 0.943936825 36.022800446 0.002574607 0.999738574 -0.022717906 1.162974715 -0.944196582 -0.005052379 -0.329343438 6.970244884
-0.354479611 0.037141580 0.934325814 36.973358154 0.003144855 0.999252439 -0.038529422 1.112217307 -0.935058355 -0.010719576 -0.354331464 6.601136208
-0.378576994 0.047250897 0.924362957 37.890140533 0.007429656 0.998818994 -0.048014037 1.047469258 -0.925539851 -0.011309311 -0.378480911 6.199758530
-0.402304471 0.051692322 0.914045393 38.797874451 0.010120335 0.998594761 -0.052019555 0.992312014 -0.915450037 -0.011677251 -0.402262300 5.793642998
-0.425090104 0.051542573 0.903682292 39.700412750 0.013742977 0.998629749 -0.050493356 0.929897130 -0.905046761 -0.009044939 -0.425215989 5.371323586
-0.444809943 0.046916403 0.894395232 40.566547394 0.017539896 0.998891771 -0.043674752 0.856810212 -0.895453155 -0.003739365 -0.445139915 4.910202980
-0.463314354 0.045162935 0.885042429 41.427036285 0.023911560 0.998973906 -0.038459219 0.803014874 -0.885871291 0.003344040 -0.463918924 4.459760189
-0.476515681 0.046124782 0.877955198 42.262748718 0.027899142 0.998913169 -0.037337072 0.736799002 -0.878723145 0.006702497 -0.477284700 3.981212378
-0.487441510 0.049891230 0.871729136 43.109127045 0.030400734 0.998730600 -0.040160783 0.689121008 -0.872626185 0.006925170 -0.488339543 3.498781681
-0.497476697 0.052500073 0.865887225 43.954353333 0.031571168 0.998601556 -0.042408202 0.628904462 -0.866902649 0.006239982 -0.498438358 3.005250931
-0.507910073 0.052235115 0.859824896 44.765235901 0.026163992 0.998634815 -0.045212507 0.573714316 -0.861012638 -0.000467432 -0.508583248 2.525959015
-0.519053996 0.050514843 0.853247464 45.599048615 0.025591079 0.998722970 -0.043559693 0.507818222 -0.854358315 -0.000774306 -0.519683897 2.014883280
-0.527514637 0.051950343 0.847956061 46.397266388 0.028252507 0.998649180 -0.043606695 0.446034044 -0.849076092 0.000953715 -0.528269827 1.509616852
-0.534656882 0.054828439 0.843288720 47.189903259 0.030589439 0.998494744 -0.045525398 0.396552384 -0.844515443 0.001455263 -0.535529256 0.996866465
-0.538403749 0.057658214 0.840712190 48.045345306 0.031246960 0.998336375 -0.048457511 0.346224576 -0.842107475 0.000179985 -0.539309680 0.454900682
-0.537746608 0.060067747 0.840964019 48.880653381 0.031490356 0.998193741 -0.051162023 0.290963531 -0.842518151 -0.001029945 -0.538666904 -0.101636715
-0.534747064 0.060150068 0.842868567 49.753692627 0.033214573 0.998188674 -0.050161693 0.227854371 -0.844359040 0.001171706 -0.535776317 -0.634487629
-0.528949499 0.059234753 0.846583605 50.617511749 0.032212436 0.998243570 -0.049719799 0.159618974 -0.848041773 0.000971254 -0.529928505 -1.161532402
-0.522223473 0.057623230 0.850859702 51.533767700 0.029167229 0.998337746 -0.049709294 0.102980651 -0.852309704 -0.001142139 -0.523036063 -1.710884929
-0.514749587 0.057212271 0.855429530 52.458377838 0.027054569 0.998357952 -0.050491594 0.043202151 -0.856913567 -0.002847254 -0.515452325 -2.271737576
-0.508517325 0.055660684 0.859250784 53.422630310 0.024107914 0.998437583 -0.050409533 -0.021523781 -0.860714138 -0.004919376 -0.509064674 -2.832709312
-0.504084408 0.053077389 0.862021804 54.390682220 0.020581204 0.998564482 -0.049449485 -0.098751649 -0.863409102 -0.007185270 -0.504453242 -3.383508444
-0.502865136 0.050601728 0.862882435 55.376304626 0.015865514 0.998657107 -0.049317915 -0.158288881 -0.864219248 -0.011110188 -0.502992690 -3.944722891
-0.503456295 0.048151296 0.862677872 56.386997223 0.013602312 0.998763859 -0.047808815 -0.233036056 -0.863913536 -0.012335240 -0.503489017 -4.515305996
-0.504182518 0.046871204 0.862324238 57.389537811 0.011879997 0.998808086 -0.047343723 -0.300032318 -0.863515437 -0.013625469 -0.504138350 -5.106846333
-0.504711509 0.046150424 0.862053633 58.394367218 0.012083907 0.998849809 -0.046399042 -0.366899699 -0.863203466 -0.013001154 -0.504688680 -5.689389706
-0.505083203 0.045360729 0.861877799 59.452827454 0.011424037 0.998881757 -0.045876481 -0.441044301 -0.862994969 -0.013325321 -0.505036712 -6.293547630
-0.505538046 0.044453386 0.861658454 60.495227814 0.011233931 0.998926282 -0.044944122 -0.509340525 -0.862731159 -0.013041152 -0.505494595 -6.893298149
-0.504972339 0.044388354 0.861993313 61.577728271 0.012063509 0.998942137 -0.044373505 -0.585334897 -0.863051236 -0.012008725 -0.504973531 -7.542640686
-0.505180180 0.042934921 0.861945212 62.642799377 0.009729983 0.998981535 -0.044058252 -0.651236415 -0.862959087 -0.013870638 -0.505083323 -8.158239365
-0.505246282 0.041930083 0.861956060 63.720489502 0.008955144 0.999019861 -0.043348428 -0.728226900 -0.862928748 -0.014182687 -0.505126595 -8.785330772
-0.504736125 0.040933024 0.862302780 64.780418396 0.007784488 0.999050438 -0.042867824 -0.807937026 -0.863238633 -0.014924350 -0.504575372 -9.395042419
-0.503690064 0.039843615 0.862965047 65.849281311 0.007786947 0.999104679 -0.041584224 -0.874734163 -0.863849282 -0.014225699 -0.503549457 -9.995092392
-0.501553237 0.037440993 0.864316165 66.913307190 0.007628260 0.999215662 -0.038858060 -0.952788889 -0.865093112 -0.012896157 -0.501445472 -10.610388756
-0.499292344 0.036088027 0.865681648 67.995376587 0.008197192 0.999284208 -0.036929742 -1.020677090 -0.866394818 -0.011342577 -0.499230713 -11.224149704
-0.497011840 0.035659548 0.867010713 69.039886475 0.008089640 0.999302328 -0.036463235 -1.090765476 -0.867706060 -0.011108854 -0.496953458 -11.815656662
-0.494864762 0.035922803 0.868227184 70.127189636 0.008569600 0.999298334 -0.036461439 -1.163973570 -0.868927777 -0.010603117 -0.494825363 -12.418688774
-0.494233936 0.036788739 0.868550241 71.213333130 0.008612176 0.999262333 -0.037424643 -1.219343185 -0.869286358 -0.011016417 -0.494186133 -13.005056381
-0.494582474 0.038212925 0.868290246 72.270523071 0.007605722 0.999185026 -0.039641269 -1.287851691 -0.869097412 -0.013001903 -0.494470060 -13.621697426
-0.497625649 0.039693050 0.866483212 73.281349182 0.006649260 0.999097586 -0.041949321 -1.373148084 -0.867366314 -0.015113592 -0.497440577 -14.207039833
-0.501931906 0.039673775 0.863996744 74.308158875 0.005937018 0.999081850 -0.042427674 -1.464150667 -0.864886761 -0.016166247 -0.501706719 -14.804977417
-0.507375300 0.038786799 0.860851824 75.382705688 0.006682093 0.999133527 -0.041078921 -1.521777630 -0.861699283 -0.015090138 -0.507194817 -15.432564735
-0.512906492 0.036097530 0.857685208 76.431159973 0.007293382 0.999262631 -0.037694596 -1.597280622 -0.858413517 -0.013078377 -0.512791514 -16.055101395
-0.518163860 0.034200571 0.854597270 77.453559875 0.005335939 0.999310017 -0.036756601 -1.657240272 -0.855264604 -0.014485865 -0.517988861 -16.667604446
-0.523213387 0.037431158 0.851379275 78.473251343 0.007359416 0.999196112 -0.039407253 -1.728392124 -0.852169871 -0.014352750 -0.523068190 -17.289445877
-0.528032541 0.039352234 0.848311841 79.486816406 0.007898455 0.999110103 -0.041431185 -1.786425829 -0.849187374 -0.015176662 -0.527873456 -17.918889999
-0.533018887 0.040218096 0.845146894 80.479820251 0.006708192 0.999039173 -0.043310642 -1.859302044 -0.846076667 -0.017415984 -0.532776475 -18.531511307
-0.536929607 0.040172566 0.842670023 81.479202271 0.005217163 0.999004602 -0.044301242 -1.925995588 -0.843610883 -0.019390300 -0.536604702 -19.154304504
-0.540021658 0.039616421 0.840718269 82.459342957 0.006458136 0.999057174 -0.042929407 -2.003066540 -0.841626227 -0.017753337 -0.539768338 -19.799556732
-0.542519331 0.032839164 0.839401126 83.461334229 0.006942083 0.999376774 -0.034610961 -2.059413910 -0.840014577 -0.012949922 -0.542409241 -20.429908752
-0.544608653 0.023331689 0.838365734 84.454391479 0.006680425 0.999702036 -0.023482010 -2.135246277 -0.838663697 -0.007187866 -0.544602215 -21.072906494
-0.546505034 0.022574188 0.837151468 85.438499451 0.007327978 0.999727190 -0.022174304 -2.176409721 -0.837423682 -0.005983744 -0.546521485 -21.701583862
-0.547519803 0.027381701 0.836344600 86.400238037 0.007268667 0.999582410 -0.027967568 -2.222370625 -0.836761177 -0.009233689 -0.547490239 -22.327365875
-0.548956215 0.033815384 0.835166812 87.354408264 0.009616944 0.999370635 -0.034142673 -2.277427673 -0.835795760 -0.010711080 -0.548935950 -22.945011139
-0.549494743 0.037566528 0.834652185 88.314041138 0.014998919 0.999271154 -0.035101235 -2.336537361 -0.835362494 -0.006769062 -0.549657762 -23.579572678
-0.549171567 0.039055180 0.834796548 89.258598328 0.018493775 0.999230683 -0.034581941 -2.389879942 -0.835504949 -0.003552874 -0.549471438 -24.211040497
-0.548812389 0.035723094 0.835181952 90.210937500 0.016580880 0.999355137 -0.031849682 -2.435331821 -0.835781097 -0.003631441 -0.549050927 -24.829980850
-0.548243582 0.030884888 0.835748255 91.175857544 0.015517749 0.999521494 -0.026757589 -2.493972540 -0.836174726 -0.001700741 -0.548460484 -25.457321167
-0.547629952 0.024094583 0.836373687 92.134506226 0.011931129 0.999708474 -0.020987887 -2.541115284 -0.836635649 -0.001514712 -0.547757745 -26.062152863
-0.546959341 0.018121339 0.836962998 93.106506348 0.003456036 0.999806046 -0.019388571 -2.591622353 -0.837152004 -0.007712184 -0.546915889 -26.692247391
-0.545159996 0.013190376 0.838228285 94.067192078 -0.003268234 0.999835193 -0.017858990 -2.635199785 -0.838325679 -0.012475532 -0.545027018 -27.299047470
-0.543985724 0.014123458 0.838975668 95.020004272 -0.000690231 0.999850512 -0.017279193 -2.663291454 -0.839094281 -0.009978720 -0.543894529 -27.897798538
-0.540623069 0.017276878 0.841087520 95.966094971 0.003445905 0.999826252 -0.018322637 -2.711597681 -0.841257870 -0.007007333 -0.540588677 -28.515207291
-0.535200536 0.020941097 0.844465375 96.917823792 0.006260564 0.999763548 -0.020824401 -2.744825840 -0.844701767 -0.005858407 -0.535205245 -29.118761063
-0.526974201 0.023043022 0.849568784 97.865333557 0.011129614 0.999733746 -0.020212449 -2.792766571 -0.849808395 -0.001196068 -0.527090430 -29.730882645
-0.519102395 0.026132304 0.854312599 98.827766418 0.018498674 0.999641895 -0.019337462 -2.842576981 -0.854511857 0.005765528 -0.519399941 -30.311861038
-0.509765387 0.025713608 0.859929085 99.797470093 0.015889032 0.999664128 -0.020472962 -2.872142792 -0.860166728 0.003227037 -0.510002732 -30.865337372
-0.498778224 0.023390800 0.866413891 100.780197144 0.013682451 0.999723673 -0.019113071 -2.906514168 -0.866621554 0.002321484 -0.498960435 -31.423551559
-0.487294555 0.019984769 0.873008966 101.760711670 0.012858051 0.999793947 -0.015710024 -2.942665100 -0.873142958 0.003569784 -0.487451047 -31.964103699
-0.475959748 0.018962551 0.879262626 102.757240295 0.013232107 0.999808848 -0.014399535 -2.990540266 -0.879367530 0.004780900 -0.476119637 -32.503559113
-0.464897245 0.018168315 0.885178089 103.747085571 0.013490582 0.999818683 -0.013436034 -3.021129131 -0.885261834 0.005695194 -0.465058059 -32.997039795
-0.452415973 0.019406540 0.891595840 104.733741760 0.015118299 0.999786556 -0.014090056 -3.056296349 -0.891678870 0.007104844 -0.452612758 -33.506252289
-0.439702630 0.023493495 0.897836030 105.733543396 0.014584979 0.999712825 -0.019016493 -3.097288847 -0.898024857 0.004733316 -0.439919055 -34.004604340
-0.429090977 0.032728728 0.902668178 106.717956543 0.017107083 0.999458551 -0.028106134 -3.136964083 -0.903099418 0.003381931 -0.429418445 -34.452091217
-0.416998357 0.037306476 0.908141255 107.715461731 0.017866181 0.999300659 -0.032847553 -3.187121153 -0.908731639 0.002527642 -0.417373270 -34.897411346
-0.404613405 0.033512536 0.913873494 108.737312317 0.016206546 0.999434054 -0.029474743 -3.245879173 -0.914344192 0.002884860 -0.404927492 -35.356605530
-0.392840803 0.029972041 0.919117928 109.747200012 0.014186049 0.999547243 -0.026531538 -3.294400454 -0.919497073 0.002615983 -0.393088102 -35.780391693
-0.382883877 0.030435707 0.923295021 110.757324219 0.012089593 0.999536574 -0.027935486 -3.353284836 -0.923717260 0.000466214 -0.383074433 -36.190258026
-0.375820637 0.034587484 0.926046729 111.768447876 0.006275120 0.999375284 -0.034779623 -3.405174494 -0.926671147 -0.007259845 -0.375802904 -36.588539124
-0.371284723 0.039556175 0.927676260 112.790603638 0.000179752 0.999095201 -0.042529542 -3.458399773 -0.928519070 -0.015623815 -0.370955855 -36.978893280
-0.367916107 0.041606579 0.928927720 113.796005249 -0.002387001 0.998952925 -0.045688409 -3.521477938 -0.929856002 -0.019026849 -0.367431492 -37.359745026
-0.363722503 0.041202016 0.930595696 114.810768127 -0.003519485 0.998953521 -0.045604128 -3.591870070 -0.931500614 -0.019862464 -0.363196790 -37.743297577
-0.359529257 0.041640993 0.932204366 115.832443237 -0.004713738 0.998910010 -0.046438679 -3.649441481 -0.933121920 -0.021090230 -0.358941108 -38.122562408
-0.354110479 0.036811415 0.934478700 116.857009888 -0.009405415 0.999034226 -0.042918492 -3.712478876 -0.935156286 -0.023987049 -0.353422314 -38.501888275
-0.348747760 0.033648930 0.936612487 117.886322021 -0.008045553 0.999210954 -0.038893629 -3.774764299 -0.937182069 -0.021099631 -0.348201841 -38.872928619
-0.342791021 0.030834036 0.938905537 118.921302795 -0.010167345 0.999280870 -0.036528837 -3.835963249 -0.939356744 -0.022067936 -0.342231005 -39.245132446
-0.337154269 0.029070532 0.941000581 119.964126587 -0.019881094 0.999080479 -0.037988070 -3.889541149 -0.941239476 -0.031515956 -0.336266249 -39.591167450
-0.331049800 0.029106095 0.943164289 120.989845276 -0.025498712 0.998883247 -0.039775614 -3.956319094 -0.943268716 -0.037217177 -0.329937935 -39.928382874
-0.324428052 0.032994989 0.945334733 122.011978149 -0.023330862 0.998808205 -0.042868253 -4.023031235 -0.945622623 -0.035963137 -0.323271602 -40.261901855
-0.317251444 0.036610320 0.947634518 123.055122375 -0.022370523 0.998687625 -0.046071928 -4.080026150 -0.948077559 -0.035815466 -0.316016138 -40.609863281
-0.311191231 0.034932576 0.949705064 124.086235046 -0.024319166 0.998704195 -0.044703580 -4.140566826 -0.950036049 -0.037007403 -0.309938490 -40.932044983
-0.304221958 0.029725885 0.952137172 125.123458862 -0.024648856 0.998932719 -0.039062519 -4.209288597 -0.952282190 -0.035352774 -0.303164601 -41.253505707
-0.296192110 0.026520714 0.954760134 126.189994812 -0.025085364 0.999053597 -0.035533220 -4.282064438 -0.954798877 -0.034475163 -0.295246542 -41.584938049
-0.290274739 0.030562673 0.956455112 127.204086304 -0.026599415 0.998845994 -0.039989896 -4.328764915 -0.956573725 -0.037049189 -0.289126784 -41.880409241
-0.284882367 0.032896809 0.957997859 128.252655029 -0.027866082 0.998704374 -0.042581256 -4.397124290 -0.958157361 -0.038826291 -0.283596516 -42.169570923
-0.277373314 0.033673961 0.960171938 129.255172729 -0.028276287 0.998666584 -0.043192420 -4.454556465 -0.960346162 -0.039130516 -0.276051253 -42.453250885
-0.270760417 0.033307675 0.962070405 130.330001831 -0.028647393 0.998679817 -0.042637501 -4.517794609 -0.962220550 -0.039105352 -0.269448727 -42.736827850
-0.262385219 0.032704152 0.964408875 131.346099854 -0.024932586 0.998862088 -0.040655870 -4.590863705 -0.964641035 -0.034712706 -0.261271268 -43.019405365
-0.254413754 0.034216993 0.966489971 132.373413086 -0.021674672 0.998921275 -0.041070689 -4.644378185 -0.966852546 -0.031397305 -0.253397614 -43.295692444
-0.247890323 0.034702346 0.968166351 133.416381836 -0.020331319 0.998951912 -0.041011453 -4.707900524 -0.968574643 -0.029850446 -0.246924937 -43.560874939
-0.241062999 0.033379424 0.969935298 134.430023193 -0.026559483 0.998807132 -0.040973991 -4.772632122 -0.970146000 -0.035638295 -0.239888921 -43.800052643
-0.234612733 0.032289241 0.971552551 135.459396362 -0.029598717 0.998747408 -0.040340625 -4.821826935 -0.971638203 -0.038221136 -0.233363137 -44.053466797
-0.230854049 0.031872220 0.972466230 136.500396729 -0.027600385 0.998846591 -0.039288897 -4.891105175 -0.972596824 -0.035910439 -0.229708076 -44.275371552
-0.225711778 0.031980131 0.973669052 137.540313721 -0.026170293 0.998901308 -0.038875569 -4.950016975 -0.973842502 -0.034255877 -0.224626854 -44.524475098
-0.220853925 0.033852756 0.974719167 138.577499390 -0.024800390 0.998879373 -0.040311180 -5.007511616 -0.974991500 -0.033076297 -0.219766855 -44.755527496
-0.214595646 0.032758139 0.976153493 139.619033813 -0.019179985 0.999103367 -0.037744790 -5.064496517 -0.976514518 -0.026822476 -0.213774920 -44.993747711
-0.209614381 0.031322636 0.977282286 140.664306641 -0.011829962 0.999332368 -0.034566723 -5.125756741 -0.977712572 -0.018806895 -0.209103897 -45.220874786
-0.204107672 0.030446455 0.978474855 141.702453613 -0.010325391 0.999393702 -0.033251222 -5.179146290 -0.978893995 -0.016889965 -0.203669563 -45.452648163
-0.200041130 0.032281786 0.979255497 142.744583130 -0.011762785 0.999305844 -0.035345647 -5.233383179 -0.979716897 -0.018589351 -0.199522525 -45.653453827
-0.196911722 0.034522727 0.979813218 143.753555298 -0.012868493 0.999202728 -0.037792068 -5.278068066 -0.980336726 -0.020050421 -0.196310475 -45.839176178
-0.195394605 0.033601373 0.980148911 144.822616577 -0.015992872 0.999170840 -0.037441693 -5.340732098 -0.980594337 -0.022991301 -0.194695204 -46.041065216
-0.193917528 0.032222398 0.980488539 145.844558716 -0.016618889 0.999209166 -0.036124453 -5.396551609 -0.980877101 -0.023299795 -0.193228647 -46.241230011
-0.193233833 0.027740030 0.980760515 146.890472412 -0.015319243 0.999392986 -0.031285305 -5.444779396 -0.981033027 -0.021069884 -0.192691609 -46.441181183
-0.192134902 0.023057677 0.981097639 147.931793213 -0.015536129 0.999527037 -0.026533352 -5.498439312 -0.981245577 -0.020340441 -0.191685840 -46.642078400
-0.191119924 0.020840703 0.981345415 148.955718994 -0.015024617 0.999595344 -0.024154363 -5.546092510 -0.981451631 -0.019360717 -0.190729454 -46.834987640
-0.190294892 0.025382461 0.981398821 149.967193604 -0.015305610 0.999467492 -0.028817568 -5.594277382 -0.981607616 -0.020504747 -0.189805090 -47.016502380
-0.190304905 0.028692318 0.981305599 150.987335205 -0.016423490 0.999339938 -0.032404635 -5.643284798 -0.981587648 -0.022283228 -0.189708069 -47.213413239
-0.191067249 0.027892968 0.981180549 151.994979858 -0.020197196 0.999272883 -0.032340333 -5.686179161 -0.981369078 -0.025996273 -0.190364957 -47.387264252
-0.190123111 0.026511787 0.981402218 153.000167847 -0.022051169 0.999267757 -0.031266294 -5.744461536 -0.981512606 -0.027585510 -0.189399287 -47.571235657
-0.188945055 0.027638629 0.981598616 154.009002686 -0.016493091 0.999373496 -0.031313818 -5.799051762 -0.981849134 -0.022106184 -0.188370824 -47.779548645
-0.188233137 0.029925214 0.981668353 155.022872925 -0.019677659 0.999220133 -0.034233417 -5.841416836 -0.981927216 -0.025760802 -0.187497482 -47.960910797
-0.189370230 0.031248525 0.981408358 156.021850586 -0.027603669 0.998929024 -0.037132725 -5.893166542 -0.981517732 -0.034122303 -0.188304842 -48.124599457
-0.188578784 0.032028418 0.981535614 157.028137207 -0.034182906 0.998648345 -0.039154265 -5.954041958 -0.981462896 -0.040935412 -0.187229082 -48.297344208
-0.188194111 0.035841849 0.981477618 158.013473511 -0.030993298 0.998619378 -0.042410661 -6.009243965 -0.981642663 -0.038400665 -0.186823413 -48.479034424
-0.187880442 0.036705814 0.981505752 159.000350952 -0.029426603 0.998642504 -0.042979542 -6.071986675 -0.981750965 -0.036957394 -0.186545253 -48.661926270
-0.186339661 0.037772298 0.981758952 159.982864380 -0.031172572 0.998530328 -0.044334169 -6.128906727 -0.981990755 -0.038865168 -0.184888318 -48.833992004
-0.184346497 0.037178475 0.982157886 160.962844849 -0.022525514 0.998861969 -0.042038731 -6.187412739 -0.982603133 -0.029873306 -0.183299273 -49.019119263
-0.180615529 0.033984281 0.982966483 161.952789307 -0.016886860 0.999148369 -0.037646621 -6.247545719 -0.983408809 -0.023398783 -0.179887816 -49.211967468
-0.178934917 0.028768415 0.983440220 162.929321289 -0.013418320 0.999408066 -0.031676956 -6.306173325 -0.983769417 -0.018864229 -0.178442940 -49.389804840
-0.175035894 0.028589915 0.984146833 163.905807495 -0.011518357 0.999450445 -0.031083096 -6.356840611 -0.984494627 -0.016776415 -0.174610406 -49.564998627
-0.170332760 0.033818055 0.984806120 164.865219116 -0.010743518 0.999287724 -0.036173560 -6.408911228 -0.985328019 -0.016741823 -0.169848099 -49.722854614
-0.164367139 0.037137896 0.985699892 165.802169800 -0.009654603 0.999182463 -0.039255798 -6.458864212 -0.986352026 -0.015968902 -0.163874239 -49.861793518
-0.155504748 0.037247751 0.987132609 166.787734985 -0.010278734 0.999173760 -0.039321326 -6.512819767 -0.987781644 -0.016261127 -0.154993415 -50.024215698
-0.145423710 0.033384394 0.988806129 167.766677856 -0.008612121 0.999349952 -0.035006970 -6.556496620 -0.989331901 -0.013606562 -0.145041674 -50.169364929
-0.133611277 0.031732228 0.990525782 168.708908081 -0.005186981 0.999451160 -0.032717835 -6.616946220 -0.991020262 -0.009509308 -0.133373380 -50.295791626
-0.120064281 0.034523837 0.992165625 169.653869629 -0.001210668 0.999389231 -0.034921709 -6.664402008 -0.992765486 -0.005394031 -0.119949147 -50.397651672
-0.106043480 0.035679549 0.993721128 170.599960327 -0.002627183 0.999342442 -0.036161739 -6.702125072 -0.994357944 -0.006445405 -0.105880029 -50.495361328
-0.092504956 0.035909053 0.995064557 171.550933838 -0.001515923 0.999343276 -0.036204387 -6.749833584 -0.995711088 -0.004857526 -0.092389762 -50.573875427
-0.078919470 0.037152596 0.996188462 172.487899780 -0.000951734 0.999301970 -0.037344120 -6.806603909 -0.996880531 -0.003895284 -0.078829020 -50.639221191
-0.065411821 0.043416679 0.996913433 173.385864258 -0.003175992 0.999038815 -0.043717645 -6.861994743 -0.997853279 -0.006025838 -0.065211058 -50.682777405
-0.052608274 0.052804690 0.997218132 174.325027466 -0.010488437 0.998516679 -0.053426761 -6.921584606 -0.998560131 -0.013269952 -0.051976401 -50.718250275
-0.038838856 0.061336581 0.997361124 175.235763550 -0.015846165 0.997950912 -0.061989933 -6.966479778 -0.999119818 -0.018211968 -0.037787326 -50.731594086
-0.025209175 0.061872199 0.997765601 176.140701294 -0.014784969 0.997950613 -0.062257223 -7.033629894 -0.999572814 -0.016321391 -0.024242727 -50.764049530
-0.014339038 0.057811450 0.998224556 177.056610107 -0.018646870 0.998138070 -0.058074299 -7.104208469 -0.999723315 -0.019446492 -0.013234334 -50.750427246
-0.003141882 0.055595417 0.998448372 177.966278076 -0.023869723 0.998164654 -0.055654742 -7.171878815 -0.999710083 -0.024007550 -0.001809068 -50.742683411
0.005954416 0.062824309 0.998006821 178.886123657 -0.028669890 0.997625053 -0.062629208 -7.237483025 -0.999571145 -0.028239829 0.007741439 -50.730651855
0.012146622 0.070098095 0.997466147 179.766265869 -0.031459965 0.997072697 -0.069687344 -7.307209969 -0.999431193 -0.030533778 0.014316348 -50.698833466
0.015693974 0.072999381 0.997208416 180.673934937 -0.033172939 0.996820271 -0.072448894 -7.378092766 -0.999326468 -0.031943321 0.018065672 -50.680080414
0.015915219 0.068682246 0.997511744 181.574447632 -0.035317440 0.997054040 -0.068087272 -7.442450047 -0.999249399 -0.034145929 0.018294020 -50.666973114
0.014462344 0.064329684 0.997823775 182.461441040 -0.036726616 0.997289062 -0.063762881 -7.522357941 -0.999220610 -0.035724547 0.016785748 -50.649997711
0.011611382 0.061888136 0.998015463 183.355606079 -0.035010945 0.997496009 -0.061448589 -7.588761806 -0.999319434 -0.034227964 0.013749069 -50.633655548
0.008381836 0.061707344 0.998059094 184.220336914 -0.034504276 0.997517645 -0.061384104 -7.653481007 -0.999369442 -0.033922791 0.010490199 -50.626300812
0.004884758 0.061497711 0.998095274 185.132293701 -0.031680968 0.997615635 -0.061313108 -7.726075649 -0.999486029 -0.031321123 0.006821417 -50.621608734
-0.000413281 0.060667820 0.998157918 185.958297729 -0.033837512 0.997585535 -0.060647048 -7.782866001 -0.999427259 -0.033800248 0.001640565 -50.605216980
-0.004745543 0.060770746 0.998140454 186.833084106 -0.034042835 0.997563303 -0.060897458 -7.846673489 -0.999409139 -0.034268521 -0.002665171 -50.608802795
-0.011649218 0.058817208 0.998200715 187.705032349 -0.036824886 0.997566104 -0.059209552 -7.911285400 -0.999253809 -0.037448373 -0.009454930 -50.610416412
-0.017221350 0.055703010 0.998298883 188.586120605 -0.035180241 0.997794926 -0.056281772 -7.984852791 -0.999232590 -0.036089640 -0.015223730 -50.629840851
-0.022638470 0.055880725 0.998180747 189.447402954 -0.033327833 0.997839570 -0.056617487 -8.046378136 -0.999188185 -0.034548931 -0.020727176 -50.637542725
-0.027997432 0.057393294 0.997958899 190.315628052 -0.035657570 0.997657657 -0.058376320 -8.105494499 -0.998971879 -0.037219185 -0.025885347 -50.662395477
-0.032075316 0.059708074 0.997700393 191.189620972 -0.035667650 0.997509778 -0.060843356 -8.172655106 -0.998848975 -0.037537206 -0.029865792 -50.675693512
-0.033979587 0.062015992 0.997496545 192.050445557 -0.035709262 0.997360229 -0.063223958 -8.241419792 -0.998784423 -0.037768174 -0.031675346 -50.712070465
-0.035875585 0.063499704 0.997336805 192.925277710 -0.032541513 0.997375846 -0.064672746 -8.307359695 -0.998826325 -0.034775015 -0.033715066 -50.735694885
-0.034981087 0.061849248 0.997472227 193.776214600 -0.029066097 0.997597992 -0.062876366 -8.370817184 -0.998965144 -0.031192111 -0.033099350 -50.766311646
-0.030394826 0.057992030 0.997854173 194.642501831 -0.025767108 0.997938216 -0.058781780 -8.445025444 -0.999205768 -0.027498480 -0.028837875 -50.801074982
-0.022918267 0.057558998 0.998079002 195.476150513 -0.025112655 0.997993052 -0.058130689 -8.514503479 -0.999421835 -0.026396668 -0.021426812 -50.814186096
-0.012105205 0.058575705 0.998209596 196.327453613 -0.022384508 0.998016596 -0.058835838 -8.580037117 -0.999676168 -0.023056651 -0.010770008 -50.816093445
0.002304104 0.059097767 0.998249531 197.143386841 -0.019066352 0.998073399 -0.059043318 -8.635114670 -0.999815583 -0.018896936 0.003426445 -50.803047180
0.017763093 0.056372877 0.998251736 198.010818481 -0.020106282 0.998227537 -0.056013733 -8.704660416 -0.999640048 -0.019076154 0.018865058 -50.787982941
0.033963926 0.051053256 0.998118222 198.864913940 -0.024384346 0.998439550 -0.050239932 -8.768232346 -0.999125540 -0.022632113 0.035155833 -50.744274139
0.050680663 0.044356033 0.997729421 199.677413940 -0.025005858 0.998756468 -0.043131493 -8.819391251 -0.998401761 -0.022763146 0.051726807 -50.697845459
0.067141309 0.037298150 0.997045994 200.561080933 -0.025432607 0.999040306 -0.035660110 -8.866603851 -0.997419298 -0.022963218 0.068025470 -50.619987488
0.084667489 0.029579787 0.995970130 201.360641479 -0.025437217 0.999297559 -0.027516194 -8.910467148 -0.996084571 -0.023004981 0.085360453 -50.535316467
0.101773150 0.024069447 0.994516373 202.240203857 -0.027023127 0.999405265 -0.021422377 -8.951080322 -0.994440556 -0.024694722 0.102363057 -50.440326691
0.119696319 0.021832500 0.992570460 203.021163940 -0.028271034 0.999427736 -0.018574066 -8.987873077 -0.992407918 -0.025837749 0.120245054 -50.334861755
0.138122499 0.020628436 0.990200281 203.893753052 -0.025925716 0.999515772 -0.017206136 -9.013149261 -0.990075767 -0.023295097 0.138590425 -50.214092255
0.155233741 0.020158511 0.987672091 204.656951904 -0.026811678 0.999509394 -0.016186081 -9.037105560 -0.987513900 -0.023968523 0.155698061 -50.081130981
0.171837077 0.019086730 0.984940469 205.517013550 -0.030932873 0.999423742 -0.013970713 -9.060253143 -0.984639645 -0.028066350 0.172328472 -49.915271759
0.185965165 0.015551344 0.982433259 206.322830200 -0.033390332 0.999397218 -0.009499406 -9.087987900 -0.981988788 -0.031037206 0.186372370 -49.742073059
0.198229223 0.011468882 0.980088592 207.075347900 -0.030033518 0.999533057 -0.005621947 -9.109344482 -0.979695380 -0.028321071 0.198481113 -49.594032288
0.209034845 0.010656322 0.977850139 207.946426392 -0.027569629 0.999607384 -0.004999871 -9.129401207 -0.977519393 -0.025913822 0.209246546 -49.395107269
0.218960673 0.014426453 0.975627065 208.665710449 -0.031794343 0.999465168 -0.007643316 -9.150854111 -0.975215495 -0.029345842 0.219302252 -49.223239899
0.228163764 0.021840449 0.973377764 209.561508179 -0.035143398 0.999281585 -0.014183915 -9.171642303 -0.972988307 -0.030971542 0.228767410 -48.983852386
0.236999661 0.031579942 0.970996380 210.254989624 -0.035606496 0.999082446 -0.023802595 -9.196820259 -0.970856965 -0.028932568 0.237906635 -48.802326202
0.245384499 0.037544232 0.968698502 211.052337646 -0.029406684 0.999078155 -0.031272549 -9.215375900 -0.968979716 -0.020812407 0.246262386 -48.610515594
0.251599193 0.035704773 0.967172742 211.752883911 -0.029687831 0.999133706 -0.029161707 -9.244987488 -0.967376053 -0.021376196 0.252441257 -48.421062469
0.258220851 0.028092742 0.965677321 212.509918213 -0.031992029 0.999277532 -0.020515583 -9.266201019 -0.965555966 -0.025596431 0.258933038 -48.229667664
0.261049211 0.017286584 0.965170681 212.073883057 -0.043641277 0.999028623 -0.006089363 -9.251080513 -0.964338541 -0.040531658 0.261550009 -48.183696747
0.264312774 0.009780615 0.964387417 214.012969971 -0.036313299 0.999340415 -0.000182597 -9.313566208 -0.963753164 -0.034971826 0.264493555 -47.796199799
0.265462101 0.009685094 0.964072645 214.797958374 -0.033562962 0.999436259 -0.000798632 -9.327610970 -0.963536918 -0.032145124 0.265637577 -47.581909180
0.266111046 0.011458984 0.963874280 215.499710083 -0.030742707 0.999521494 -0.003395179 -9.344728470 -0.963451982 -0.028728614 0.266336054 -47.376026154
0.267342538 0.011975537 0.963527203 216.267608643 -0.028110858 0.999594092 -0.004624101 -9.341843605 -0.963191390 -0.025849355 0.267570704 -47.155364990
0.269667119 0.009085543 0.962910712 217.000854492 -0.029792899 0.999555528 -0.001087677 -9.356025696 -0.962492526 -0.028394600 0.269817978 -46.953556061
0.272913754 0.005619274 0.962022007 217.802246094 -0.030288106 0.999537468 0.002753956 -9.366744995 -0.961561620 -0.029889418 0.272957742 -46.727752686
0.275244474 0.000557047 0.961374104 218.500808716 -0.029770641 0.999525189 0.007944278 -9.378458023 -0.960913181 -0.030807342 0.275130451 -46.510116577
0.279655516 -0.002096701 0.960098147 219.297271729 -0.029033894 0.999521792 0.010639734 -9.384283066 -0.959661305 -0.030850850 0.279460937 -46.273777008
0.285533518 -0.004411993 0.958358526 219.997695923 -0.026916720 0.999557972 0.012621234 -9.385306358 -0.957990587 -0.029399658 0.285288572 -46.052616119
0.293209016 -0.006652655 0.956025243 220.804107666 -0.026029887 0.999549508 0.014938787 -9.377085686 -0.955693901 -0.029265419 0.292903781 -45.788696289
0.303272933 -0.009113132 0.952860117 221.508422852 -0.022983747 0.999593437 0.016875276 -9.387297630 -0.952626526 -0.027018113 0.302940190 -45.570735931
0.314262658 -0.007068994 0.949309766 222.298675537 -0.024439933 0.999580681 0.015534012 -9.389390945 -0.949021459 -0.028082827 0.313958079 -45.290706635
0.325969338 -0.003343228 0.945374429 223.003021240 -0.025482405 0.999599338 0.012321437 -9.391016960 -0.945036888 -0.028106825 0.325753599 -45.038833618
0.337829858 -0.000643267 0.941206872 223.777267456 -0.026181923 0.999606431 0.010080723 -9.395261765 -0.940842986 -0.028048178 0.337680012 -44.759216309
0.349255353 0.000021901 0.937027574 224.487503052 -0.025356703 0.999633968 0.009427759 -9.389582634 -0.936684370 -0.027052622 0.349128067 -44.474456787
0.360774964 -0.003097067 0.932647765 225.268188477 -0.024389455 0.999621212 0.012754008 -9.390643120 -0.932333887 -0.027348097 0.360562742 -44.177383423
