1.000000000 0.000000000 0.000000000 0.000000000 0.000000000 0.999961495 0.000000000 -0.000065506 0.000000000 0.000000000 0.999961495 0.000000001
0.999996901 -0.002134983 -0.001294622 -0.017004363 0.002138636 0.999993682 0.002826558 -0.012886707 0.001288579 -0.002829318 0.999995172 1.445293069
0.999991655 -0.002771978 -0.002977497 -0.013042751 0.002783430 0.999988735 0.003848849 -0.035632901 0.002966795 -0.003857105 0.999988198 2.964875937
0.999988914 -0.001670055 -0.004393281 -0.028918959 0.001685403 0.999992490 0.003491984 -0.050774328 0.004387415 -0.003499349 0.999984205 4.451006889
0.999983609 -0.000835366 -0.005688514 -0.049490474 0.000855197 0.999993563 0.003484514 -0.070715174 0.005685567 -0.003489321 0.999977767 5.933537960
0.999973357 -0.001124412 -0.007204518 -0.059734676 0.001149598 0.999993205 0.003492611 -0.078273386 0.007200542 -0.003500800 0.999967873 7.427204132
0.999958038 -0.001650381 -0.009007904 -0.079263277 0.001687986 0.999989808 0.004168721 -0.100105375 0.009000933 -0.004183751 0.999950707 8.900867462
0.999936163 -0.003434835 -0.010763768 -0.091886528 0.003470729 0.999988496 0.003317815 -0.115030237 0.010752247 -0.003354962 0.999936581 10.388940811
0.999916613 -0.004977169 -0.011915019 -0.113596119 0.005020964 0.999980748 0.003648527 -0.132762447 0.011896631 -0.003708048 0.999922395 11.867380142
0.999902666 -0.004369300 -0.013250269 -0.141036496 0.004418837 0.999983370 0.003711685 -0.151566148 0.013233829 -0.003769874 0.999905467 13.341723442
0.999882042 -0.004245104 -0.014759587 -0.157664791 0.004301005 0.999983728 0.003757722 -0.169432208 0.014743396 -0.003820760 0.999884069 14.804984093
0.999885321 -0.002677375 -0.014905492 -0.194680348 0.002744795 0.999986112 0.004504520 -0.187906712 0.014893224 -0.004544916 0.999878705 16.254066467
0.999882579 -0.001358511 -0.015262501 -0.233012915 0.001443405 0.999983609 0.005552604 -0.215044156 0.015254706 -0.005573982 0.999868035 17.655199051
0.999869585 0.000089166 -0.016148729 -0.248671189 0.000006881 0.999982238 0.005947535 -0.206251770 0.016148975 -0.005946872 0.999851882 19.131402969
0.999860346 0.000003787 -0.016711527 -0.283131868 0.000090195 0.999984145 0.005623026 -0.207963809 0.016711287 -0.005623749 0.999844491 20.625909805
0.999850392 0.000440156 -0.017292194 -0.304563224 -0.000338606 0.999982655 0.005875105 -0.227950841 0.017294480 -0.005868372 0.999833107 22.033767700
0.999841928 0.000543271 -0.017766818 -0.317643702 -0.000432069 0.999980271 0.006262209 -0.243250415 0.017769871 -0.006253542 0.999822497 23.509046555
0.999851167 0.002159152 -0.017114965 -0.363519222 -0.002032184 0.999970257 0.007432495 -0.245686799 0.017130502 -0.007396610 0.999825895 24.894149780
0.999850631 0.003140675 -0.016992716 -0.405445457 -0.003033928 0.999975562 0.006304069 -0.260053873 0.017012095 -0.006251573 0.999835789 26.322721481
0.999845624 0.003545040 -0.017208375 -0.417338014 -0.003469547 0.999984205 0.004414932 -0.276215911 0.017223755 -0.004354545 0.999842167 27.706169128
0.999860406 0.001635412 -0.016622618 -0.449193209 -0.001568437 0.999990642 0.004041435 -0.283335000 0.016629070 -0.004014799 0.999853671 29.158878326
0.999861419 0.000986248 -0.016624285 -0.480083555 -0.000877582 0.999978244 0.006542616 -0.296205819 0.016630372 -0.006527119 0.999840438 30.474662781
0.999863684 -0.000535882 -0.016507629 -0.504345834 0.000663867 0.999969900 0.007748613 -0.307596266 0.016502976 -0.007758514 0.999833822 31.855796814
0.999867320 -0.002133272 -0.016146539 -0.535175085 0.002256776 0.999968290 0.007634569 -0.330831647 0.016129738 -0.007669996 0.999840498 33.208602905
0.999871314 -0.002046122 -0.015910355 -0.555539846 0.002132175 0.999983191 0.005393589 -0.333392709 0.015899047 -0.005426819 0.999858856 34.588699341
0.999886334 -0.001201493 -0.015030053 -0.592503786 0.001273310 0.999987841 0.004769586 -0.348355114 0.015024139 -0.004788182 0.999875665 35.897762299
0.999898672 -0.000169892 -0.014238151 -0.612735868 0.000221299 0.999993503 0.003609012 -0.358381838 0.014237444 -0.003611797 0.999892175 37.239204407
0.999916196 0.000263318 -0.012943493 -0.648462892 -0.000200303 0.999988139 0.004869505 -0.380718559 0.012944620 -0.004866504 0.999904335 38.504272461
0.999935210 0.000083314 -0.011384306 -0.666294396 -0.000004791 0.999976218 0.006897359 -0.398516208 0.011384608 -0.006896857 0.999911368 39.797279358
0.999952734 0.000345880 -0.009714080 -0.691156030 -0.000267770 0.999967635 0.008041017 -0.408585846 0.009716548 -0.008038035 0.999920428 41.082820892
0.999971151 0.000335179 -0.007585587 -0.695463359 -0.000269998 0.999963045 0.008592147 -0.418887824 0.007588186 -0.008589853 0.999934375 42.316017151
0.999992967 0.000712652 -0.003682890 -0.724570692 -0.000682457 0.999966204 0.008193525 -0.440815061 0.003688606 -0.008190954 0.999959648 43.562732697
0.999999821 -0.000512007 -0.000333039 -0.720643103 0.000514132 0.999979317 0.006412486 -0.451701730 0.000329748 -0.006412656 0.999979377 44.777393341
0.999994636 0.000226641 0.003263015 -0.735732079 -0.000240767 0.999990582 0.004329460 -0.459358215 -0.003262003 -0.004330222 0.999985278 45.977714539
0.999970496 0.000431061 0.007670802 -0.737396359 -0.000468664 0.999987841 0.004900977 -0.471676767 -0.007668598 -0.004904426 0.999958515 47.186004639
0.999916255 0.000539771 0.012927387 -0.728191376 -0.000606401 0.999986529 0.005150842 -0.495016724 -0.012924432 -0.005158249 0.999903142 48.335849762
0.999814808 0.002021822 0.019138154 -0.706883252 -0.002103083 0.999988854 0.004226835 -0.511568546 -0.019129397 -0.004266303 0.999807894 49.516124725
0.999643981 0.003704749 0.026424682 -0.678796113 -0.003817160 0.999983907 0.004204853 -0.520345271 -0.026408676 -0.004304224 0.999641955 50.670948029
0.999371171 0.004694149 0.035143264 -0.652933538 -0.004879517 0.999974668 0.005190746 -0.538556099 -0.035118002 -0.005358965 0.999368846 51.863967896
0.998938203 0.006733562 0.045575459 -0.616495669 -0.007015554 0.999957323 0.006030277 -0.555250347 -0.045532905 -0.006343610 0.998942792 52.967170715
0.998228014 0.009431280 0.058751434 -0.562017798 -0.009789646 0.999935091 0.005814849 -0.564175487 -0.058692779 -0.006379701 0.998255670 54.133888245
0.997216642 0.011279747 0.073699296 -0.501497924 -0.011768551 0.999911427 0.006201521 -0.577279508 -0.073622823 -0.007051595 0.997261167 55.232349396
0.995841622 0.013945015 0.090026937 -0.405575663 -0.014650310 0.999866903 0.007178187 -0.573188126 -0.089914843 -0.008467262 0.995913386 56.369110107
0.994072855 0.013662626 0.107854024 -0.303401768 -0.014633978 0.999859095 0.008219797 -0.595820189 -0.107726537 -0.009749410 0.994132698 57.448566437
0.991751671 0.013974379 0.127410531 -0.183374912 -0.015009719 0.999861598 0.007169489 -0.605313182 -0.127292722 -0.009022746 0.991824150 58.529262543
0.988975942 0.012170277 0.147575617 -0.049023602 -0.013248005 0.999892235 0.006322139 -0.613884091 -0.147482783 -0.008207524 0.989030540 59.547374725
0.985695362 0.009509847 0.168268189 0.140636861 -0.010708588 0.999923289 0.006217969 -0.624585509 -0.168196157 -0.007930939 0.985721648 60.607227325
0.981714785 0.004811480 0.190296769 0.337351441 -0.006543080 0.999942720 0.008472200 -0.637500107 -0.190245092 -0.009562413 0.981690109 61.640007019
0.976934910 -0.000634760 0.213536501 0.554750800 -0.001520774 0.999949634 0.009930031 -0.647058070 -0.213532031 -0.010025736 0.976884604 62.644073486
0.971426547 -0.005771107 0.237270221 0.792177200 0.003652601 0.999949396 0.009367301 -0.656266332 -0.237312257 -0.008232993 0.971398532 63.617225647
0.965017140 -0.011621850 0.261929125 1.061685801 0.009964272 0.999920964 0.007655649 -0.661657393 -0.261997432 -0.004777901 0.965056777 64.540695190
0.957180917 -0.015090452 0.289096683 1.348243594 0.013218324 0.999877095 0.008427180 -0.676698089 -0.289188296 -0.004244962 0.957262933 65.563354492
0.948594153 -0.017977122 0.315984160 1.653344154 0.015413366 0.999824882 0.010611130 -0.681627750 -0.316119581 -0.005195277 0.948705137 66.483589172
0.938796043 -0.022687998 0.343725711 1.991848707 0.019139584 0.999722838 0.013713095 -0.690642715 -0.343941540 -0.006295033 0.938969910 67.396438599
0.927790940 -0.024930116 0.372266948 2.343897820 0.021665975 0.999681294 0.012949537 -0.686760128 -0.372471184 -0.003948935 0.928035378 68.290557861
0.915684104 -0.024431858 0.401155621 2.716266394 0.022770483 0.999700904 0.008909228 -0.688510716 -0.401253372 0.000976470 0.915966690 69.136329651
0.902561367 -0.025882062 0.429782599 3.120010138 0.026753852 0.999633968 0.004015033 -0.704598248 -0.429729164 0.007874527 0.902923524 69.976013184
0.888228595 -0.027855683 0.458556324 3.534212589 0.030678824 0.999528408 0.001292622 -0.702400506 -0.458376110 0.012919826 0.888664424 70.778198242
0.872944534 -0.028302317 0.486997753 4.031111717 0.029717077 0.999546766 0.004821635 -0.718660176 -0.486913413 0.010263132 0.873389959 71.615318298
0.855236351 -0.025990842 0.517586112 4.525731564 0.024992295 0.999648035 0.008901664 -0.682536542 -0.517635226 0.005322638 0.855584860 72.437332153
0.835623801 -0.027420716 0.548617363 5.024115562 0.023690477 0.999623001 0.013878620 -0.727851868 -0.548790932 0.001399700 0.835958421 73.193595886
0.814178169 -0.021189205 0.580228329 5.536489010 0.019795453 0.999765933 0.008733143 -0.724939048 -0.580277443 0.004375546 0.814407051 73.941894531
0.791814089 -0.013922532 0.610603452 6.086802006 0.016806656 0.999858320 0.001003622 -0.714550614 -0.610530972 0.009467518 0.791935861 74.704010010
0.769891560 -0.012046025 0.638060987 6.673846245 0.016066667 0.999870718 -0.000509547 -0.737531304 -0.637972414 0.010643809 0.769985557 75.378311157
0.746300459 -0.014817519 0.665444374 7.264959335 0.017056333 0.999849617 0.003134961 -0.764167964 -0.665390670 0.009010418 0.746440947 76.051994324
0.721988499 -0.014993214 0.691742599 7.914633751 0.017356703 0.999843061 0.003555541 -0.767190754 -0.691687346 0.009439310 0.722135425 76.726257324
0.696861207 -0.013109424 0.717086196 8.559665680 0.018507976 0.999828696 0.000292416 -0.764226437 -0.716967225 0.013068041 0.696984351 77.340316772
0.670354545 -0.010747127 0.741963208 9.216691971 0.017810745 0.999840021 -0.001609387 -0.789090335 -0.741827309 0.014293776 0.670438707 77.946166992
0.643256307 -0.008269144 0.765606344 9.903178215 0.016190598 0.999864876 -0.002803888 -0.796340108 -0.765479803 0.014199242 0.643303394 78.526382446
0.615373433 -0.006761924 0.788206637 10.621841431 0.016121361 0.999861956 -0.004008681 -0.808496892 -0.788070679 0.015173800 0.615397632 79.084808350
0.586761236 -0.000256091 0.809759855 11.354313850 0.014943009 0.999833107 -0.010511670 -0.818935692 -0.809622049 0.018268093 0.586667120 79.618690491
0.556360960 0.009360404 0.830888033 12.102648735 0.013505228 0.999702632 -0.020305265 -0.833554149 -0.830830991 0.022518389 0.556069016 80.134086609
0.525901556 0.017540779 0.850364566 12.859570503 0.012454767 0.999521315 -0.028320048 -0.865202248 -0.850454271 0.025484649 0.525431335 80.594284058
0.493774414 0.022701493 0.869293571 13.678964615 0.009930920 0.999446809 -0.031741370 -0.885917604 -0.869533300 0.024305964 0.493275821 81.079376221
0.461041987 0.022037042 0.887104630 14.491170883 0.008079883 0.999545932 -0.029029492 -0.923418522 -0.887341559 0.020551518 0.460654557 81.515625000
0.428237170 0.020941181 0.903423727 15.351741791 0.003680228 0.999682724 -0.024916932 -0.950466156 -0.903658867 0.013995160 0.428024232 81.916221619
0.393920124 0.021973725 0.918882012 16.212739944 -0.000638613 0.999720454 -0.023633085 -0.986428976 -0.919144452 0.008722737 0.393824041 82.294349670
0.358384192 0.024867779 0.933242917 17.075954437 -0.007448964 0.999689519 -0.023777805 -1.017316461 -0.933544457 0.001569896 0.358458161 82.657577515
0.322646677 0.027030308 0.946133435 17.984764099 -0.012578636 0.999626338 -0.024269044 -1.043886185 -0.946435869 -0.004070742 0.322866142 82.976402283
0.286508232 0.026328133 0.957715929 18.884792328 -0.014988364 0.999623179 -0.022996297 -1.072155237 -0.957960546 -0.007765968 0.286794811 83.260612488
0.249849409 0.025531128 0.967947960 19.827133179 -0.015771216 0.999626994 -0.022295799 -1.114502668 -0.968156219 -0.009695128 0.250158876 83.526046753
0.214499310 0.025312005 0.976396084 20.768455505 -0.015043618 0.999631226 -0.022609496 -1.135072470 -0.976608276 -0.009838809 0.214801013 83.713851929
0.178951770 0.023923827 0.983566940 21.723556519 -0.013387251 0.999671042 -0.021879835 -1.167589426 -0.983766735 -0.009251823 0.179213166 83.894256592
0.144400850 0.023284718 0.989245296 22.705276489 -0.005015263 0.999727488 -0.022799363 -1.194887877 -0.989506602 -0.001669078 0.144478276 84.030967712
0.110202387 0.026710181 0.993550241 23.678701401 -0.003295368 0.999643147 -0.026508467 -1.231120944 -0.993903756 -0.000352818 0.110251084 84.145339966
0.077878907 0.031399503 0.996468365 24.681980133 -0.002132867 0.999506831 -0.031328563 -1.269141674 -0.996960580 0.000314499 0.077907465 84.224502563
0.048657067 0.035300098 0.998191535 25.679014206 0.004973672 0.999354303 -0.035583667 -1.304001451 -0.998803198 0.006696075 0.048450075 84.271705627
0.023383658 0.033864178 0.999152839 26.686542511 0.006780460 0.999397755 -0.034031156 -1.337720752 -0.999703526 0.007570488 0.023139961 84.284843445
0.001386439 0.030511547 0.999533474 27.697505951 0.008335439 0.999499321 -0.030522063 -1.380218625 -0.999964237 0.008373868 0.001131421 84.287086487
-0.017669218 0.028005715 0.999451578 28.722866058 0.008457418 0.999575973 -0.027859688 -1.422042727 -0.999808073 0.007960518 -0.017898582 84.266273499
-0.034480564 0.031013835 0.998924017 29.730108261 0.010457898 0.999474823 -0.030669956 -1.463942528 -0.999350667 0.009389129 -0.034786791 84.243370056
-0.048445337 0.035571449 0.998192251 30.772804260 0.013450790 0.999298275 -0.034958061 -1.495066285 -0.998735309 0.011732920 -0.048889805 84.171936035
-0.060219966 0.040797248 0.997351110 31.783535004 0.017650072 0.999051690 -0.039801102 -1.541004896 -0.998029172 0.015206498 -0.060882937 84.104270935
-0.069404952 0.044408567 0.996599615 32.838054657 0.022968980 0.998815000 -0.042907692 -1.582811713 -0.997324109 0.019912871 -0.070342727 84.035140991
-0.075145930 0.049722970 0.995932102 33.867321014 0.026315074 0.998507082 -0.047865983 -1.637752771 -0.996825218 0.022611093 -0.076342210 83.949630737
-0.078414738 0.054494262 0.995430291 34.886322021 0.029409323 0.998196721 -0.052329004 -1.692371726 -0.996486962 0.025171569 -0.079875976 83.854583740
-0.081863314 0.058512330 0.994924486 35.919555664 0.031699743 0.997922897 -0.056080390 -1.749393582 -0.996139467 0.026947925 -0.083548084 83.776100159
-0.083960958 0.061460081 0.994571865 36.967178345 0.031511158 0.997760713 -0.058996990 -1.815676451 -0.995970666 0.026386665 -0.085709631 83.678726196
-0.085979968 0.064938098 0.994178355 38.010368347 0.033335350 0.997502327 -0.062272269 -1.881856084 -0.995738983 0.027787110 -0.087929957 83.579811096
-0.088193834 0.068352841 0.993755341 39.004299164 0.033620771 0.997278690 -0.065611407 -1.966372609 -0.995535791 0.027624294 -0.090251893 83.484924316
-0.090510026 0.070306629 0.993410766 40.067234039 0.036780566 0.997060418 -0.067213818 -2.025774956 -0.995216131 0.030454686 -0.092829868 83.390274048
-0.093252108 0.068533681 0.993281066 41.100097656 0.036145709 0.997203529 -0.065410852 -2.112204075 -0.994986236 0.029803144 -0.095468521 83.312141418
-0.095135480 0.068866245 0.993079364 42.184326172 0.036087748 0.997186959 -0.065693937 -2.178510666 -0.994809985 0.029588170 -0.097353101 83.201728821
-0.097036593 0.070296168 0.992795169 43.240982056 0.036608342 0.997079670 -0.067021407 -2.254879951 -0.994607270 0.029841054 -0.099326655 83.085365295
-0.099096052 0.072942667 0.992400765 44.314044952 0.034596086 0.996959329 -0.069823138 -2.315664053 -0.994476259 0.027413987 -0.101318270 82.978996277
-0.102309339 0.074387170 0.991967440 45.372539520 0.033197429 0.996899903 -0.071333155 -2.413852930 -0.994198501 0.025632715 -0.104461640 82.874900818
-0.104701743 0.078166410 0.991427064 46.438617706 0.030525841 0.996689200 -0.075357564 -2.497160912 -0.994035065 0.022374075 -0.106741212 82.760787964
-0.106991515 0.082130343 0.990861952 47.485332489 0.027439054 0.996446669 -0.079630435 -2.582266808 -0.993881226 0.018668527 -0.108864941 82.651870728
-0.109284267 0.084560640 0.990407109 48.565864563 0.024488637 0.996301591 -0.082361750 -2.665902138 -0.993708730 0.015252875 -0.110950872 82.524688721
-0.112208240 0.083021395 0.990210474 49.643638611 0.023494052 0.996446729 -0.080881976 -2.761435032 -0.993406951 0.014188433 -0.113760047 82.407402039
-0.115731403 0.078261815 0.990192592 50.720062256 0.020539986 0.996866465 -0.076388650 -2.865066051 -0.993068159 0.011497974 -0.116976276 82.299995422
-0.117732979 0.077175692 0.990041792 51.814071655 0.020791560 0.996948600 -0.075241625 -2.943352699 -0.992827594 0.011726096 -0.118978322 82.162635803
-0.120226085 0.077270925 0.989734769 52.886672974 0.020432206 0.996947646 -0.075352103 -3.041514635 -0.992536247 0.011163176 -0.121437922 82.044631958
-0.121031120 0.080172509 0.989405870 54.001274109 0.020785263 0.996719182 -0.078222543 -3.124636650 -0.992431104 0.011097699 -0.122300446 81.887252808
-0.121180639 0.083468452 0.989114881 55.114952087 0.021941382 0.996440113 -0.081398487 -3.211893797 -0.992387891 0.011838631 -0.122580685 81.752555847
-0.121321417 0.084476672 0.989012063 56.236064911 0.019926144 0.996378481 -0.082661554 -3.302051067 -0.992413282 0.009678581 -0.122565329 81.615440369
-0.121819332 0.082503557 0.989117384 57.331718445 0.017679479 0.996561587 -0.080947094 -3.410395622 -0.992394805 0.007626160 -0.122859091 81.495315552
-0.121712506 0.082035013 0.989169538 58.459915161 0.014395915 0.996619761 -0.080881536 -3.499005556 -0.992460907 0.004395706 -0.122482054 81.342826843
-0.122194596 0.082638897 0.989059925 59.565196991 0.010420893 0.996579528 -0.081979737 -3.611601591 -0.992451429 0.000289407 -0.122637808 81.243751526
-0.122600645 0.083165511 0.988965452 60.659362793 0.005659807 0.996525168 -0.083099596 -3.701367855 -0.992440045 -0.004590711 -0.122645319 81.124580383
-0.122249134 0.082373582 0.989075184 61.827632904 0.002978723 0.996575832 -0.082630098 -3.803835392 -0.992495120 -0.007155275 -0.122075878 80.968574524
-0.122804634 0.078525886 0.989319265 62.960124969 0.002497248 0.996885955 -0.078816496 -3.882679939 -0.992427707 -0.007208456 -0.122618318 80.838005066
-0.122935764 0.068848751 0.990023553 64.115394592 0.006474814 0.997624993 -0.068573385 -3.987200499 -0.992393494 -0.002019902 -0.123089567 80.695266724
-0.123583026 0.063015394 0.990331411 65.245658875 0.012076175 0.998003304 -0.061996583 -4.079137802 -0.992260695 0.004297690 -0.124097265 80.565582275
-0.122043975 0.065967903 0.990330100 66.382369995 0.020826209 0.997739255 -0.063894905 -4.151267529 -0.992306173 0.012826830 -0.123141952 80.409408569
-0.120703503 0.071478032 0.990111887 67.514343262 0.026400497 0.997282624 -0.068777218 -4.233294487 -0.992337465 0.017837791 -0.122262567 80.256210327
-0.120431401 0.077090047 0.989723921 68.653465271 0.030017341 0.996807158 -0.073989198 -4.319270134 -0.992267668 0.020798257 -0.122360937 80.117767334
-0.119146690 0.081623212 0.989515901 69.807754517 0.031147644 0.996431887 -0.078443252 -4.410156727 -0.992387950 0.021474829 -0.121263951 79.975440979
-0.118932232 0.078730382 0.989776075 70.988548279 0.027837494 0.996723890 -0.075938061 -4.504638195 -0.992512047 0.018521402 -0.120734252 79.829711914
-0.118755527 0.073996194 0.990162432 72.152381897 0.027444674 0.997082949 -0.071221754 -4.599253178 -0.992544174 0.018716706 -0.120439902 79.692672729
-0.118559144 0.072259925 0.990314126 73.347038269 0.025514215 0.997240841 -0.069710821 -4.690161228 -0.992619097 0.017002232 -0.120075688 79.552192688
-0.118144453 0.072421081 0.990352035 74.520057678 0.023057027 0.997268081 -0.070176229 -4.782390594 -0.992728651 0.014543642 -0.119491495 79.418060303
-0.118300222 0.078264810 0.989888728 75.704139709 0.024265965 0.996819139 -0.075912766 -4.864986420 -0.992681324 0.015040104 -0.119823113 79.282005310
-0.116613939 0.081051439 0.989864588 76.891319275 0.024589168 0.996594548 -0.078705691 -4.965444565 -0.992872775 0.015161767 -0.118209817 79.120834351
-0.116945349 0.079628795 0.989940941 78.074317932 0.023802226 0.996718884 -0.077362157 -5.061238289 -0.992853045 0.014515653 -0.118456975 79.001312256
-0.115439437 0.072509974 0.990664482 79.268730164 0.025688170 0.997216463 -0.069996171 -5.165542126 -0.992982328 0.017368039 -0.116980754 78.841453552
-0.116931409 0.071539201 0.990560055 80.481315613 0.025054999 0.997297406 -0.069068126 -5.244753361 -0.992823839 0.016742248 -0.118407778 78.719696045
-0.116975211 0.073478185 0.990412891 81.672294617 0.022322999 0.997201860 -0.071345337 -5.355231285 -0.992883861 0.013763354 -0.118288144 78.593460083
-0.116342604 0.077861473 0.990152478 82.911415100 0.021876531 0.996881485 -0.075820126 -5.423541069 -0.992968202 0.012839991 -0.117683120 78.443336487
-0.116238184 0.076974921 0.990234137 84.127059937 0.021337364 0.996955693 -0.074992754 -5.520507336 -0.992992163 0.012411961 -0.117526770 78.305473328
-0.116537422 0.074420735 0.990394115 85.371932983 0.019658828 0.997166276 -0.072616376 -5.604146004 -0.992991745 0.011007463 -0.117670193 78.174377441
-0.114720888 0.073646337 0.990664005 86.612350464 0.020095190 0.997216105 -0.071806334 -5.693433762 -0.993194461 0.011669892 -0.115881450 78.005958557
-0.114505768 0.073384441 0.990708411 87.857841492 0.021977885 0.997210860 -0.071325891 -5.804394722 -0.993179440 0.013606451 -0.115799233 77.883132935
-0.112864837 0.074077733 0.990845025 89.088584900 0.024090106 0.997127771 -0.071803398 -5.888844013 -0.993318379 0.015765486 -0.114325210 77.732475281
-0.112890922 0.073065661 0.990917265 90.358283997 0.023782359 0.997205555 -0.070819892 -5.992278576 -0.993322670 0.015571427 -0.114313133 77.605644226
-0.111477785 0.072952226 0.991085589 91.574790955 0.025346577 0.997186184 -0.070550278 -6.098354816 -0.993443608 0.017255843 -0.113013193 77.457702637
-0.109736823 0.071562432 0.991381109 92.874633789 0.025566582 0.997277975 -0.069158092 -6.188251495 -0.993631840 0.017757038 -0.111267738 77.305076599
-0.108280383 0.069896601 0.991660118 94.127693176 0.024230635 0.997414410 -0.067656420 -6.291530132 -0.993825078 0.016702693 -0.109694049 77.161880493
-0.107604265 0.069825560 0.991738737 95.419479370 0.024685150 0.997410655 -0.067546554 -6.377625942 -0.993887305 0.017212916 -0.109049305 77.034065247
-0.105894864 0.070873901 0.991848350 96.672401428 0.022822930 0.997367144 -0.068831563 -6.468194962 -0.994115293 0.015347978 -0.107233629 76.899597168
-0.103709728 0.073761500 0.991868675 98.013755798 0.022698417 0.997161984 -0.071781807 -6.561113834 -0.994348586 0.015069379 -0.105089679 76.737014771
-0.102318645 0.072664954 0.992094100 99.302543640 0.021211836 0.997260988 -0.070855752 -6.655192852 -0.994525433 0.013794277 -0.103579760 76.604202271
-0.101959862 0.071175046 0.992239058 100.599037170 0.017741615 0.997408569 -0.069722794 -6.757277489 -0.994630218 0.010494992 -0.102958418 76.479827881
-0.101375319 0.072863169 0.992176533 101.878997803 0.014541417 0.997316301 -0.071754895 -6.835789204 -0.994742095 0.007153479 -0.102162793 76.338294983
-0.101046249 0.072040603 0.992270112 103.191665649 0.012202486 0.997389615 -0.071169667 -6.934106350 -0.994806886 0.004916734 -0.101661570 76.194686890
-0.102796771 0.069499955 0.992271423 104.472198486 0.009329121 0.997579575 -0.068905257 -7.040350914 -0.994658649 0.002173780 -0.103196353 76.077186584
-0.103914939 0.067611553 0.992285430 105.795394897 0.006839908 0.997711778 -0.067264989 -7.145714760 -0.994562685 -0.000202695 -0.104139604 75.944313049
-0.105118208 0.067158498 0.992189407 107.103851318 0.004928621 0.997740030 -0.067012019 -7.234157562 -0.994447470 -0.002154059 -0.105211638 75.806533813
-0.107192762 0.067218274 0.991963387 108.421424866 0.005942962 0.997737527 -0.066967323 -7.332194328 -0.994220495 -0.001283213 -0.107349716 75.674339294
-0.109190784 0.066075608 0.991822243 109.754623413 0.004458387 0.997810662 -0.065983742 -7.419766903 -0.994010746 -0.002782888 -0.109246321 75.527969360
-0.112655088 0.060572699 0.991786122 111.080818176 0.002521344 0.998154342 -0.060675234 -7.520273685 -0.993631065 -0.004334739 -0.112599887 75.393127441
-0.117187060 0.061707452 0.991190910 112.407676697 0.002635298 0.998083532 -0.061825000 -7.590625763 -0.993106484 -0.004633004 -0.117125079 75.258140564
-0.122902386 0.068388544 0.990059495 113.730178833 -0.002787678 0.997595072 -0.069255106 -7.667915821 -0.992414832 -0.011271585 -0.122416168 75.120750427
-0.129920676 0.070905238 0.988985896 115.036880493 -0.001153315 0.997428298 -0.071662039 -7.780874729 -0.991523683 -0.010450994 -0.129504815 74.947219849
-0.138798326 0.066945270 0.988055348 116.344970703 0.000650195 0.997718394 -0.067508660 -7.880553246 -0.990320444 -0.008727659 -0.138525188 74.760650635
-0.149706751 0.064755693 0.986607671 117.651092529 0.002845246 0.997877002 -0.065063611 -7.985415459 -0.988726318 -0.006933320 -0.149573162 74.566184998
-0.162695035 0.065680414 0.984487832 118.942878723 0.003588884 0.997814715 -0.065976426 -8.073509216 -0.986669838 -0.007200827 -0.162575245 74.363433838
-0.176379323 0.065719560 0.982125819 120.223129272 0.006071887 0.997822285 -0.065679453 -8.173712730 -0.984303474 -0.005621140 -0.176394254 74.127479553
-0.190682143 0.063494109 0.979596198 121.497962952 0.006317533 0.997964680 -0.063454963 -8.270501137 -0.981631517 -0.005911096 -0.190695167 73.876281738
-0.205794126 0.066328339 0.976344883 122.761848450 0.010806569 0.997793555 -0.065507628 -8.357107162 -0.978535593 -0.002930150 -0.206056833 73.603660583
-0.221335083 0.070576034 0.972640634 124.045425415 0.012093369 0.997499764 -0.069627874 -8.438300133 -0.975122869 -0.003648588 -0.221635178 73.344039917
-0.236987785 0.074315734 0.968666077 125.277038574 0.012009455 0.997217894 -0.073568054 -8.541464806 -0.971438408 -0.005801579 -0.237220913 73.060585022
-0.252308041 0.072102018 0.964956939 126.549461365 0.007836513 0.997339606 -0.072472639 -8.647665024 -0.967615247 -0.010723527 -0.252201706 72.720298767
-0.268624663 0.066427320 0.960951686 127.806831360 0.002061532 0.997656763 -0.068388335 -8.748944283 -0.963242650 -0.016389759 -0.268132180 72.393127441
-0.284225285 0.062592342 0.956712186 129.048721313 -0.001690585 0.997832417 -0.065784872 -8.842931747 -0.958756030 -0.020315127 -0.283503383 72.039962769
-0.299473852 0.064039521 0.951952815 130.259155273 -0.003509182 0.997664213 -0.068218552 -8.936833382 -0.954097986 -0.023770252 -0.298549622 71.678558350
-0.313692600 0.066142946 0.947218060 131.455718994 -0.003208545 0.997491360 -0.070716053 -9.033785820 -0.949519277 -0.025222288 -0.312693477 71.292289734
-0.327416807 0.068301566 0.942408144 132.648666382 -0.001691010 0.997339964 -0.072870292 -9.134877205 -0.944878519 -0.025452582 -0.326430440 70.884422302
-0.341835618 0.067990087 0.937297046 133.837890625 0.000365866 0.997388959 -0.072215632 -9.239569664 -0.939759672 -0.024342954 -0.340967983 70.465591431
-0.355856895 0.065826014 0.932219267 135.022567749 0.000121314 0.997519433 -0.070390686 -9.344770432 -0.934540451 -0.024935922 -0.354982197 70.026771545
-0.370401829 0.064442158 0.926633418 136.178665161 0.000066149 0.997592270 -0.069350511 -9.444461823 -0.928871632 -0.025626257 -0.369514316 69.580268860
-0.385011464 0.065719374 0.920568883 137.345977783 -0.001668041 0.997410238 -0.071902700 -9.544641495 -0.922910213 -0.029218912 -0.383904845 69.090988159
-0.400182098 0.067789674 0.913924932 138.485839844 -0.001093779 0.997224331 -0.074447267 -9.642038345 -0.916435003 -0.030792102 -0.398997158 68.616958618
-0.414835006 0.069901444 0.907207668 139.650512695 0.000573876 0.997064590 -0.076562636 -9.743825912 -0.909896374 -0.031240234 -0.413657367 68.091491699
-0.429623723 0.071813375 0.900148034 140.793807983 0.003459446 0.996956348 -0.077885576 -9.865990639 -0.903001368 -0.030347476 -0.428564459 67.559738159
-0.444196165 0.074880868 0.892794847 141.947235107 0.002023182 0.996582448 -0.082579188 -9.969811440 -0.895927191 -0.034875073 -0.442829579 66.991577148
-0.458456308 0.077861220 0.885299623 143.066345215 0.004375875 0.996340513 -0.085361086 -10.077050209 -0.888706148 -0.035260372 -0.457119316 66.403228760
-0.474488974 0.074701071 0.877086163 144.233825684 0.002350188 0.996496677 -0.083599798 -10.193255424 -0.880258262 -0.037605867 -0.473002255 65.804473877
-0.490138173 0.070906922 0.868755937 145.351074219 0.000833511 0.996723413 -0.080881231 -10.297533035 -0.871644378 -0.038918868 -0.488591313 65.175346375
-0.506773293 0.070817873 0.859165668 146.497711182 -0.000676831 0.996587217 -0.082544245 -10.410079956 -0.862079144 -0.042412728 -0.504995883 64.541084290
-0.521596611 0.071101330 0.850224435 147.614303589 -0.000766623 0.996482193 -0.083802648 -10.506419182 -0.853191972 -0.044362981 -0.519707203 63.834705353
-0.538268864 0.069211707 0.839926362 148.684463501 -0.001814049 0.996524692 -0.083278269 -10.627714157 -0.842771173 -0.046349771 -0.536272705 63.184555054
-0.554035068 0.068275400 0.829688847 149.758972168 -0.003288801 0.996443927 -0.084193863 -10.744265556 -0.832486868 -0.049375031 -0.551840425 62.489227295
-0.569364011 0.068327934 0.819241107 150.831207275 -0.003830404 0.996308565 -0.085758135 -10.845043182 -0.822076678 -0.051965620 -0.567000508 61.761043549
-0.584636450 0.065897427 0.808614731 151.949584961 -0.003253385 0.996497393 -0.083561003 -10.961558342 -0.811288893 -0.051483549 -0.582374275 60.984962463
-0.599511445 0.062203448 0.797945321 153.008651733 -0.003468692 0.996764123 -0.080308370 -11.075946808 -0.800358713 -0.050913613 -0.597355664 60.200286865
-0.614180028 0.060142003 0.786870956 154.052078247 -0.003352482 0.996883869 -0.078810416 -11.190637589 -0.789158940 -0.051041748 -0.612064481 59.386676788
-0.629398286 0.059134800 0.774829566 155.100021362 -0.003128229 0.996899366 -0.078624181 -11.294222832 -0.777076483 -0.051909778 -0.627261817 58.570423126
-0.644012868 0.059698675 0.762681663 156.120147705 -0.004726453 0.996621072 -0.082001224 -11.410949707 -0.764999926 -0.056414641 -0.641554594 57.724407196
-0.659507871 0.059365168 0.749349833 157.114303589 -0.006445387 0.996393383 -0.084609136 -11.523681641 -0.751670063 -0.060630247 -0.656746626 56.877998352
-0.675367117 0.056055296 0.735348344 158.111877441 -0.008268364 0.996468902 -0.083554342 -11.643640518 -0.737435460 -0.062509984 -0.672518849 55.989089966
-0.691830039 0.048461806 0.720432222 159.087051392 -0.012072679 0.996829331 -0.078647770 -11.752522469 -0.721959412 -0.063108437 -0.689051449 55.094760895
-0.708704293 0.045862030 0.704013348 160.046936035 -0.013191156 0.996849060 -0.078217477 -11.863895416 -0.705382228 -0.064719811 -0.705866337 54.161155701
-0.726154268 0.043490022 0.686154962 160.977890015 -0.014473069 0.996809363 -0.078496762 -11.973008156 -0.687379479 -0.066931523 -0.723207891 53.210887909
-0.743173480 0.039383281 0.667938769 161.884597778 -0.018065900 0.996721148 -0.078869864 -12.087386131 -0.668854952 -0.070680909 -0.740025222 52.218467712
-0.759917021 0.037099037 0.648960471 162.775192261 -0.017986858 0.996787548 -0.078045391 -12.200009346 -0.649771154 -0.070980795 -0.756808519 51.218090057
-0.775866926 0.039332632 0.629669249 163.634094238 -0.015530254 0.996561527 -0.081386857 -12.316884995 -0.630705416 -0.072924301 -0.772588253 50.185043335
-0.791074634 0.038613092 0.610499740 164.452606201 -0.012210040 0.996810257 -0.078868143 -12.435898781 -0.611597836 -0.069844812 -0.788079858 49.141872406
-0.805432141 0.040249623 0.591319680 165.290130615 -0.008057835 0.996855617 -0.078828938 -12.544010162 -0.592633188 -0.068256125 -0.802575171 48.024375916
-0.819097936 0.042100769 0.572106719 166.045837402 -0.005498223 0.996681273 -0.081216723 -12.663886070 -0.573627353 -0.069670022 -0.816148102 46.903152466
-0.833646119 0.042881168 0.550631642 166.834625244 -0.005274652 0.996317744 -0.085575297 -12.786055565 -0.552273571 -0.074243911 -0.830350280 45.810935974
-0.846210122 0.043254543 0.531090736 167.538269043 -0.002867065 0.996315777 -0.085712887 -12.885333061 -0.532841563 -0.074053787 -0.842968464 44.690483093
-0.858405590 0.041342646 0.511302888 168.299285889 -0.001503993 0.996539772 -0.083102666 -13.015617371 -0.512969434 -0.072104782 -0.855373144 43.490024567
-0.868515611 0.043588612 0.493741512 168.946548462 0.001952330 0.996418774 -0.084531851 -13.149802208 -0.495657951 -0.072453305 -0.865490437 42.331642151
-0.878097057 0.045956954 0.476270586 169.633438110 0.004111767 0.996064782 -0.088532805 -13.266578674 -0.478465110 -0.075782076 -0.874830425 41.092231750
-0.887568116 0.043985698 0.458571702 170.268737793 0.003146781 0.995986938 -0.089443363 -13.398386955 -0.460665584 -0.077944063 -0.884144723 39.967899323
-0.895448267 0.041116800 0.443262815 170.902648926 0.001669663 0.996028602 -0.089018121 -13.526827812 -0.445162505 -0.078971013 -0.891960859 38.699337006
-0.902695000 0.039043665 0.428506017 171.492248535 0.000658819 0.995998919 -0.089363337 -13.656964302 -0.430280566 -0.080385536 -0.899108946 37.458003998
-0.909042478 0.037009284 0.415056646 172.080673218 0.000099377 0.996067405 -0.088598520 -13.792887688 -0.416703343 -0.080498561 -0.905471325 36.187850952
-0.915258586 0.034815535 0.401359677 172.633132935 -0.000473058 0.996165276 -0.087490089 -13.931776047 -0.402866572 -0.080265924 -0.911732376 34.941223145
-0.921059489 0.029686915 0.388288528 173.199127197 -0.003270411 0.996465147 -0.083943292 -14.055070877 -0.389407963 -0.078586638 -0.917706609 33.697803497
-0.926299334 0.026564350 0.375850737 173.747940063 -0.004472793 0.996666014 -0.081465662 -14.156190872 -0.376761734 -0.077142701 -0.923092365 32.442317963
-0.930550396 0.027113190 0.365158528 174.252410889 -0.001280190 0.997007787 -0.077290662 -14.301873207 -0.366161495 -0.072390333 -0.927731276 31.145967484
-0.933622420 0.031332735 0.356885880 174.735565186 0.003035795 0.996824324 -0.079574309 -14.406181335 -0.358245790 -0.073208921 -0.930752575 29.888629913
-0.936004043 0.036058951 0.350137413 175.235641479 0.008256243 0.996714294 -0.080575809 -14.535799026 -0.351892352 -0.072528459 -0.933226466 28.573057175
-0.937927723 0.039460246 0.344578594 175.694534302 0.011256579 0.996446550 -0.083470583 -14.646985054 -0.346647918 -0.074410610 -0.935039282 27.319013596
-0.939516723 0.037196208 0.340477049 176.188888550 0.009888090 0.996616721 -0.081592403 -14.784245491 -0.342359990 -0.073290758 -0.936705887 25.982295990
-0.941371381 0.030211994 0.336016387 176.665679932 0.004144111 0.996942520 -0.078027368 -14.906353951 -0.337346405 -0.072060250 -0.938618422 24.687221527
-0.943511784 0.023352098 0.330515027 177.152053833 -0.002054995 0.997081637 -0.076313816 -15.013352394 -0.331332535 -0.072682180 -0.940710306 23.399988174
-0.945041239 0.016614690 0.326528758 177.620895386 -0.009337988 0.996928871 -0.077752560 -15.131321907 -0.326817811 -0.076528504 -0.941983759 22.097909927
-0.946523070 0.013981332 0.322332978 178.085205078 -0.012538011 0.996711910 -0.080050372 -15.250908852 -0.322392374 -0.079810955 -0.943235457 20.810958862
-0.947099149 0.014092070 0.320631444 178.516418457 -0.012999189 0.996531308 -0.082196265 -15.370075226 -0.320677638 -0.082015976 -0.943630815 19.518550873
-0.947462797 0.015469834 0.319491416 178.974151611 -0.012127057 0.996374428 -0.084207825 -15.496611595 -0.319635719 -0.083658300 -0.943840146 18.225759506
-0.947458506 0.018056069 0.319368660 179.426879883 -0.010066119 0.996228158 -0.086186282 -15.620145798 -0.319720149 -0.084872730 -0.943703175 16.931858063
-0.946955502 0.018680822 0.320821285 179.857162476 -0.009830419 0.996158063 -0.087020449 -15.754384995 -0.321214348 -0.085558310 -0.943133593 15.648267746
-0.946625769 0.019359002 0.321752936 180.306198120 -0.009898469 0.995978296 -0.089047454 -15.879853249 -0.322182804 -0.087479487 -0.942626953 14.385863304
-0.945999503 0.019736663 0.323566496 180.754043579 -0.009474667 0.996035039 -0.088456124 -16.009748459 -0.324029356 -0.086745135 -0.942061722 13.100715637
-0.945133567 0.020104954 0.326064914 181.197067261 -0.009168340 0.996078968 -0.087993003 -16.148572922 -0.326555431 -0.086154610 -0.941243351 11.826981544
-0.944076359 0.018441007 0.329210877 181.670959473 -0.011678834 0.995938122 -0.089279585 -16.258890152 -0.329520077 -0.088131547 -0.940026224 10.547672272
-0.942764580 0.016945990 0.333028346 182.136154175 -0.012725461 0.996151984 -0.086713023 -16.395845413 -0.333216339 -0.085987896 -0.938921094 9.304740906
-0.940719962 0.013898262 0.338899463 182.608383179 -0.015757807 0.996290505 -0.084598511 -16.508905411 -0.338818103 -0.084923819 -0.937011302 8.022990227
-0.938196242 0.011845590 0.345901012 183.071655273 -0.017806385 0.996438622 -0.082420342 -16.620826721 -0.345645458 -0.083485715 -0.934643924 6.765024662
-0.935628831 0.013358488 0.352732539 183.559722900 -0.016508648 0.996534109 -0.081529640 -16.758745193 -0.352599174 -0.082104608 -0.932165682 5.516242504
-0.932342052 0.013841112 0.361312568 184.041671753 -0.017134637 0.996453166 -0.082386747 -16.866035461 -0.361171365 -0.083003581 -0.928798020 4.270334244
-0.928593814 0.016543608 0.370728612 184.548522949 -0.015754497 0.996347666 -0.083923139 -16.996587753 -0.370762974 -0.083771169 -0.924941838 3.015690327
-0.924415112 0.017785423 0.380972803 185.068542480 -0.015066279 0.996429384 -0.083075292 -17.117963791 -0.381089956 -0.082535900 -0.920846462 1.756209850
-0.919480383 0.020054383 0.392623961 185.601150513 -0.014203642 0.996351421 -0.084154792 -17.243227005 -0.392879128 -0.082955375 -0.915840805 0.506754458
-0.913651764 0.022387128 0.405880839 186.142929077 -0.013253491 0.996310949 -0.084787488 -17.374937057 -0.406281650 -0.082845576 -0.909984529 -0.708608389
-0.907551944 0.024383919 0.419231325 186.712326050 -0.012504308 0.996301115 -0.085017592 -17.496801376 -0.419753611 -0.082400069 -0.903890014 -1.949296355
-0.901660800 0.023751380 0.431791216 187.308868408 -0.013168145 0.996519566 -0.082312733 -17.620212555 -0.432243407 -0.079904042 -0.898209810 -3.156582594
-0.894915998 0.026436575 0.445450962 187.904464722 -0.011601985 0.996527612 -0.082450353 -17.747768402 -0.446083844 -0.078954250 -0.891501904 -4.371912956
-0.888016701 0.028831217 0.458906382 188.522018433 -0.009831590 0.996613562 -0.081637986 -17.862754822 -0.459706038 -0.077007689 -0.884726048 -5.575185776
-0.880711913 0.030437071 0.472673208 189.154617310 -0.008191849 0.996805072 -0.079451248 -17.982177734 -0.473581374 -0.073845737 -0.877648771 -6.752834320
-0.872668147 0.032472700 0.487233043 189.800598145 -0.005474901 0.997073054 -0.076258011 -18.104385376 -0.488283336 -0.069215469 -0.869936049 -7.940706730
-0.864604652 0.035406299 0.501203656 190.475067139 -0.002320949 0.997222006 -0.074450068 -18.218666077 -0.502447367 -0.065533139 -0.862120688 -9.089332581
-0.855732441 0.039030831 0.515944541 191.149383545 0.001514702 0.997335613 -0.072935462 -18.328502655 -0.517416596 -0.061631739 -0.853511393 -10.206750870
-0.846050441 0.040924978 0.531529665 191.819137573 0.003500867 0.997454047 -0.071226291 -18.448326111 -0.533091247 -0.058400206 -0.844039738 -11.268516541
-0.834314466 0.044838648 0.549462497 192.537307739 0.006987581 0.997466862 -0.070787780 -18.542284012 -0.551244795 -0.055219848 -0.832514286 -12.410792351
-0.823078573 0.047080461 0.565972686 193.261886597 0.008880141 0.997502983 -0.070063166 -18.640546799 -0.567858100 -0.052641574 -0.821441472 -13.468287468
-0.811387181 0.048650037 0.582480907 194.013748169 0.009192301 0.997469008 -0.070505992 -18.736175537 -0.584436774 -0.051853318 -0.809780717 -14.529313087
-0.798116446 0.053012487 0.600166559 194.783843994 0.013700828 0.997461021 -0.069885664 -18.829067230 -0.602347434 -0.047554106 -0.796816230 -15.579760551
-0.785162389 0.052532081 0.617057800 195.587081909 0.013318490 0.997597814 -0.067981780 -18.945707321 -0.619146705 -0.045158464 -0.783975780 -16.580995560
-0.770676136 0.053715561 0.634958982 196.401428223 0.014752085 0.997677684 -0.066495232 -19.052551270 -0.637056172 -0.041879319 -0.769678891 -17.556735992
