1.000000000 0.000000000 0.000000000 0.000000000 0.000000000 0.999961495 0.000000000 -0.000065506 0.000000000 0.000000000 0.999961495 0.000000001
0.999998569 0.000804133 0.001484621 -0.007146156 -0.000797334 0.999969959 -0.004564234 -0.002790124 -0.001488247 0.004563044 0.999969184 0.946339309
0.999996185 -0.001388386 0.002379954 -0.009144728 0.001401310 0.999984264 -0.005437145 -0.000535118 -0.002372368 0.005440460 0.999982417 1.879288435
0.999992251 -0.002878114 0.002682124 -0.012053817 0.002882039 0.999994755 -0.001460784 -0.000327699 -0.002677907 0.001468503 0.999995351 2.822554588
0.999982119 -0.005618711 0.002053394 -0.010168998 0.005609158 0.999973536 0.004628296 -0.001187206 -0.002079344 -0.004616695 0.999987185 3.762475967
0.999958038 -0.009139720 0.000596398 -0.007554545 0.009136796 0.999947011 0.004733209 0.000277946 -0.000639627 -0.004727561 0.999988616 4.691092014
0.999935210 -0.011390930 -0.000075345 -0.010629775 0.011391047 0.999933541 0.001790322 0.004669578 0.000054947 -0.001791064 0.999998391 5.615040302
0.999928832 -0.011893729 -0.000907275 -0.012036153 0.011892101 0.999927700 -0.001778435 0.007887137 0.000928362 0.001767519 0.999997973 6.534191132
0.999932051 -0.011561022 -0.001514848 -0.019764476 0.011557498 0.999930501 -0.002314901 0.007206651 0.001541505 0.002297235 0.999996126 7.456043243
0.999934852 -0.011137936 -0.002485178 -0.027211152 0.011136722 0.999937832 -0.000502326 0.007460224 0.002490618 0.000474617 0.999996781 8.369470596
0.999930978 -0.011195021 -0.003566329 -0.026286948 0.011203297 0.999934614 0.002309934 0.007929821 0.003540236 -0.002349729 0.999991000 9.282186508
0.999929011 -0.011136381 -0.004236754 -0.036799666 0.011152317 0.999930799 0.003756542 0.011687327 0.004194627 -0.003803525 0.999983966 10.191390991
0.999909580 -0.012487224 -0.004989637 -0.040312920 0.012510681 0.999910712 0.004697789 0.012657513 0.004930528 -0.004759788 0.999976516 11.099291801
0.999905765 -0.012658759 -0.005316224 -0.058813170 0.012685539 0.999906838 0.005033927 0.006642174 0.005252006 -0.005100891 0.999973238 12.005091667
0.999891460 -0.013228548 -0.006487133 -0.057449028 0.013249452 0.999907076 0.003190012 0.021014806 0.006444332 -0.003275617 0.999973893 12.903348923
0.999874711 -0.013580392 -0.008128533 -0.064203493 0.013590083 0.999907017 0.001138575 0.025407113 0.008112314 -0.001248901 0.999966383 13.790219307
0.999843538 -0.015063769 -0.009273766 -0.081439249 0.015063054 0.999886453 -0.000146844 0.027818646 0.009274923 0.000007130 0.999956965 14.684042931
0.999832332 -0.014859159 -0.010700850 -0.098507956 0.014850128 0.999889195 -0.000922799 0.027726490 0.010713376 0.000763735 0.999942303 15.575719833
0.999831140 -0.013458433 -0.012510957 -0.110660642 0.013441095 0.999908507 -0.001468766 0.023359891 0.012529578 0.001300357 0.999920666 16.463075638
0.999817252 -0.012133478 -0.014769126 -0.122700505 0.012107706 0.999925017 -0.001833199 0.031304218 0.014790259 0.001654044 0.999889255 17.349466324
0.999799967 -0.012421897 -0.015670862 -0.145672768 0.012414624 0.999922752 -0.000561248 0.022523969 0.015676623 0.000366588 0.999876976 18.233999252
0.999787748 -0.011769192 -0.016905542 -0.167912364 0.011779805 0.999930382 0.000528239 0.024297936 0.016898150 -0.000727271 0.999856949 19.111890793
0.999763966 -0.011510150 -0.018425845 -0.187691242 0.011530674 0.999932945 0.001008125 0.026832899 0.018413007 -0.001220350 0.999829710 19.984432220
0.999715149 -0.012708689 -0.020200105 -0.202242017 0.012732988 0.999918342 0.001074810 0.024364859 0.020184794 -0.001331711 0.999795377 20.860334396
0.999687731 -0.012722629 -0.021507097 -0.229018480 0.012728835 0.999918997 0.000151693 0.029465796 0.021503422 -0.000425406 0.999768615 21.715080261
0.999676645 -0.012884686 -0.021924566 -0.258829594 0.012908844 0.999916255 0.000960695 0.025434397 0.021910349 -0.001243405 0.999759138 22.578464508
0.999639392 -0.012829605 -0.023593929 -0.276935130 0.012899913 0.999912798 0.002830022 0.027396273 0.023555564 -0.003133361 0.999717712 23.429777145
0.999614060 -0.013514053 -0.024269462 -0.301712900 0.013647560 0.999892592 0.005343813 0.032649331 0.024194639 -0.005672970 0.999691129 24.275474548
0.999583900 -0.013983591 -0.025228754 -0.319090575 0.014170682 0.999873221 0.007252266 0.030563701 0.025124146 -0.007606758 0.999655306 25.114048004
0.999582231 -0.012933541 -0.025845911 -0.349279493 0.013087797 0.999897420 0.005808104 0.038399462 0.025768140 -0.006143944 0.999648988 25.938831329
0.999576569 -0.011352914 -0.026792130 -0.370922357 0.011442399 0.999929488 0.003188925 0.039350521 0.026754042 -0.003494140 0.999635875 26.743347168
0.999561548 -0.010787379 -0.027573299 -0.397243530 0.010829429 0.999940455 0.001376131 0.044096418 0.027556811 -0.001674131 0.999618888 27.545080185
0.999540687 -0.010394777 -0.028465185 -0.422498822 0.010433585 0.999944806 0.001215178 0.042426143 0.028450981 -0.001511614 0.999594033 28.330244064
0.999517620 -0.009841494 -0.029457195 -0.450663090 0.009859039 0.999951243 0.000450321 0.040987886 0.029451327 -0.000740524 0.999565959 29.115795135
0.999439180 -0.010242581 -0.031880219 -0.474921644 0.010244795 0.999947548 -0.000093892 0.039698198 0.031879507 -0.000232767 0.999491632 29.885774612
0.999384403 -0.010326830 -0.033529002 -0.509522319 0.010327177 0.999946713 -0.000162863 0.038198378 0.033528898 -0.000183497 0.999437749 30.646564484
0.999317884 -0.010399924 -0.035435222 -0.544759154 0.010443333 0.999944985 0.001040170 0.036791448 0.035422448 -0.001409523 0.999371409 31.416683197
0.999224782 -0.010566811 -0.037922762 -0.561313927 0.010697247 0.999937475 0.003238225 0.041070480 0.037886176 -0.003641384 0.999275446 32.160911560
0.999172747 -0.009024868 -0.039652448 -0.605786264 0.009203410 0.999948263 0.004322477 0.047200568 0.039611384 -0.004683839 0.999204278 32.907005310
0.999099076 -0.008375898 -0.041603800 -0.634639978 0.008578092 0.999952197 0.004683821 0.048483800 0.041562591 -0.005036483 0.999123156 33.620243073
0.999027252 -0.005912664 -0.043698296 -0.674404562 0.006115368 0.999971151 0.004506459 0.041947123 0.043670386 -0.004769307 0.999034643 34.320610046
0.998959720 -0.004467444 -0.045381740 -0.708802044 0.004616060 0.999984324 0.003170539 0.051370878 0.045366865 -0.003376725 0.998964608 35.039009094
0.998872995 -0.004523080 -0.047246907 -0.742504716 0.004733565 0.999979377 0.004344061 0.053396624 0.047226280 -0.004562811 0.998873830 35.760753632
0.998840332 -0.002404111 -0.048085745 -0.785428345 0.002705375 0.999977112 0.006201040 0.055855546 0.048069730 -0.006323939 0.998823941 36.424266815
0.998858571 0.000368112 -0.047766495 -0.834772408 -0.000036295 0.999975801 0.006947335 0.052779842 0.047767900 -0.006937671 0.998834312 37.106449127
0.998888433 0.003508664 -0.047006845 -0.861867785 -0.003279696 0.999982417 0.004947190 0.051048104 0.047023382 -0.004787523 0.998882353 37.764335632
0.998959243 0.005076683 -0.045328841 -0.894936323 -0.004993991 0.999985635 0.001937362 0.051122040 0.045338031 -0.001708974 0.998970211 38.405334473
0.999018133 0.005808529 -0.043920405 -0.910304010 -0.005805375 0.999983132 0.000199354 0.056239743 0.043920819 0.000055816 0.999035060 39.044425964
0.999171376 0.006784348 -0.040131513 -0.950991690 -0.006759605 0.999976873 0.000752236 0.062060714 0.040135697 -0.000480340 0.999194145 39.682334900
0.999254286 0.011420576 -0.036884006 -0.984995008 -0.011303590 0.999930382 0.003378746 0.062127557 0.036920026 -0.002959305 0.999313831 40.307174683
0.999334753 0.015726879 -0.032902528 -1.014000416 -0.015503301 0.999855042 0.007039257 0.058441229 0.033008464 -0.006524478 0.999433637 40.924728394
0.999369204 0.020689592 -0.028861426 -1.029695630 -0.020476669 0.999761105 0.007653456 0.066412404 0.029012874 -0.007057643 0.999554038 41.516185760
0.999432087 0.024306139 -0.023338953 -1.055879354 -0.024123006 0.999676228 0.008096471 0.067915954 0.023528192 -0.007528869 0.999694765 42.100486755
0.999453902 0.028115727 -0.017359342 -1.072660565 -0.027943842 0.999558806 0.010065829 0.071605563 0.017634692 -0.009575248 0.999798596 42.670158386
0.999376416 0.033574875 -0.010930107 -1.085210204 -0.033448327 0.999373496 0.011561679 0.072889313 0.011311442 -0.011188876 0.999873459 43.209953308
0.999321342 0.036651794 -0.003670038 -1.093590021 -0.036607932 0.999264896 0.011378425 0.068993032 0.004084379 -0.011236353 0.999928534 43.738349915
0.999185324 0.040208697 0.003457013 -1.092260242 -0.040246081 0.999123394 0.011526988 0.070189282 -0.002990497 -0.011656728 0.999927640 44.235069275
0.998959064 0.044252362 0.011072024 -1.093050957 -0.044373859 0.998954713 0.010979108 0.075708225 -0.010574599 -0.011458986 0.999878407 44.723045349
0.998640895 0.048622422 0.018768793 -1.093586922 -0.048784107 0.998775244 0.008255024 0.076293506 -0.018344425 -0.009159422 0.999789715 45.181510925
0.998323798 0.051330123 0.026737964 -1.086684227 -0.051497884 0.998657286 0.005623261 0.073320962 -0.026413418 -0.006990782 0.999626577 45.616661072
0.998078465 0.051284038 0.034774940 -1.074160576 -0.051484615 0.998661816 0.004896644 0.079468653 -0.034477290 -0.006677609 0.999383152 46.038219452
0.997820079 0.050519060 0.042460207 -1.043857098 -0.050828498 0.998687983 0.006239387 0.081457444 -0.042089291 -0.008383975 0.999078691 46.430526733
0.997324944 0.052498017 0.050861288 -1.033205152 -0.052926186 0.998573065 0.007107537 0.081248909 -0.050415583 -0.009780417 0.998680413 46.812049866
0.996701598 0.055189773 0.059498236 -1.008268356 -0.055708583 0.998421788 0.007095214 0.085649982 -0.059012752 -0.010386373 0.998203158 47.158424377
0.995849431 0.060032640 0.068409652 -0.995763779 -0.060626108 0.998138547 0.006630376 0.080591679 -0.067884274 -0.010750268 0.997635245 47.475849152
0.994955063 0.063661143 0.077534318 -0.971949697 -0.064375527 0.997902989 0.006746911 0.079263523 -0.076942205 -0.011704186 0.996966839 47.783981323
0.994251132 0.062826827 0.086703345 -0.942606032 -0.063684560 0.997944415 0.007159456 0.081215903 -0.086075313 -0.012639959 0.996208429 48.046310425
0.993322015 0.061917920 0.097352669 -0.907160401 -0.062747322 0.998014390 0.005477967 0.073526509 -0.096820191 -0.011550001 0.995234847 48.317283630
0.992191732 0.060315978 0.109167755 -0.874433577 -0.060803302 0.998149097 0.001137493 0.074733578 -0.108897097 -0.007766370 0.994022608 48.572135925
0.990583241 0.061370905 0.122386366 -0.831932425 -0.061446391 0.998105347 -0.003161045 0.078019381 -0.122348480 -0.004388921 0.992477477 48.836277008
0.988479614 0.062972672 0.137631238 -0.787151456 -0.062858447 0.998009145 -0.005180327 0.071430773 -0.137683406 -0.003530639 0.990469992 49.079109192
0.985914052 0.064861417 0.154163361 -0.746167362 -0.064622216 0.997888267 -0.006567546 0.070335202 -0.154263794 -0.003487344 0.988023520 49.330356598
0.983088076 0.065586746 0.170986071 -0.692180097 -0.065243706 0.997840226 -0.007630832 0.067465931 -0.171117246 -0.003653986 0.985243917 49.569755554
0.979804277 0.064481504 0.189277172 -0.635786772 -0.063920140 0.997913837 -0.009075355 0.071082838 -0.189467505 -0.003206554 0.981881797 49.827220917
0.975960433 0.063797750 0.208401352 -0.562855721 -0.063285716 0.997953713 -0.009130646 0.062673204 -0.208557397 -0.004277681 0.978000820 50.053447723
0.971417248 0.063974306 0.228595376 -0.500401020 -0.063266777 0.997942150 -0.010429864 0.058829986 -0.228792220 -0.004330743 0.973465621 50.296501160
0.966112912 0.066144824 0.249500871 -0.423445404 -0.065012962 0.997802496 -0.012783960 0.060087740 -0.249798208 -0.003870042 0.968290150 50.535625458
0.959819078 0.067500621 0.272380233 -0.345117062 -0.065954298 0.997712374 -0.014839547 0.054388322 -0.272758782 -0.003721368 0.962075353 50.771591187
0.952440500 0.068809174 0.296854019 -0.255761385 -0.067084543 0.997618973 -0.016005442 0.048164520 -0.297248542 -0.004670089 0.954788864 51.010654449
0.943896890 0.071584508 0.322388589 -0.162448809 -0.069912240 0.997412086 -0.016778845 0.039513122 -0.322755396 -0.006701409 0.946458757 51.238101959
0.933966875 0.073608108 0.349696785 -0.057355110 -0.071867831 0.997252405 -0.017968975 0.032755062 -0.350058645 -0.008349522 0.936690569 51.476791382
0.922852874 0.074165441 0.377944440 0.061822228 -0.072239682 0.997200727 -0.019291813 0.024750242 -0.378317297 -0.009499083 0.925627172 51.708934784
0.910229981 0.072405890 0.407723844 0.201589435 -0.069599152 0.997338235 -0.021735149 0.022613658 -0.408212364 -0.008593249 0.912846565 51.942386627
0.895288050 0.069606587 0.440016150 0.345077872 -0.065614544 0.997549176 -0.024299279 0.009635900 -0.440629125 -0.007116600 0.897660911 52.165756226
0.877984643 0.068919241 0.473701388 0.491748899 -0.062980413 0.997610271 -0.028411824 -0.001702839 -0.474527448 -0.004888759 0.880227089 52.372310638
0.858549356 0.070808858 0.507817984 0.665699184 -0.062397014 0.997485876 -0.033594575 -0.008842857 -0.508920014 -0.002843721 0.860809088 52.603702545
0.836828947 0.072525978 0.542639136 0.855501950 -0.061802786 0.997364938 -0.037993044 -0.019067861 -0.543964744 -0.001742929 0.839106202 52.831607819
0.812001646 0.075694166 0.578725874 1.023210645 -0.063092478 0.997128069 -0.041894738 -0.027357252 -0.580234826 -0.002494649 0.814445317 53.031970978
0.784706950 0.079550169 0.614741206 1.237127423 -0.065933257 0.996816516 -0.044829663 -0.040344156 -0.616350293 -0.005353743 0.787453949 53.258808136
0.754631698 0.083752237 0.650781512 1.467175961 -0.069348596 0.996445596 -0.047822345 -0.054960303 -0.652473509 -0.009042532 0.757757545 53.500988007
0.721570194 0.085297599 0.687066853 1.737353683 -0.069464214 0.996293485 -0.050734736 -0.066908337 -0.688847661 -0.011117883 0.724820793 53.740695953
0.685084462 0.082407869 0.723787487 2.025989771 -0.065543570 0.996523857 -0.051421918 -0.090810120 -0.725508988 -0.012211254 0.688104272 53.966262817
0.645806134 0.080841489 0.759209514 2.328549862 -0.062555067 0.996637881 -0.052911934 -0.111702710 -0.760934532 -0.013321565 0.648691893 54.193527222
0.603096068 0.080822930 0.793563306 2.642776966 -0.060959481 0.996614099 -0.055174977 -0.128821373 -0.795335829 -0.015099395 0.605981112 54.398097992
0.557035506 0.080130503 0.826613903 3.004584074 -0.056780562 0.996679902 -0.058353323 -0.150556847 -0.828545451 -0.014430732 0.559736013 54.608036041
0.508853912 0.079419255 0.857181728 3.394010782 -0.054083932 0.996717691 -0.060241316 -0.171639666 -0.859152257 -0.015705729 0.511479020 54.803512573
0.459837347 0.076592997 0.884693861 3.798847198 -0.051778674 0.996890903 -0.059393536 -0.206775889 -0.886492312 -0.018496912 0.462373555 54.988109589
0.409924865 0.073988251 0.909113526 4.236779213 -0.051674116 0.996987641 -0.057839718 -0.237608343 -0.910654366 -0.023267699 0.412513316 55.160663605
0.360301971 0.075061910 0.929810882 4.698276043 -0.055007264 0.996732473 -0.059149042 -0.242295533 -0.931212604 -0.029834837 0.363253504 55.308975220
0.310047060 0.075711928 0.947701752 5.175338268 -0.052977506 0.996651053 -0.062290542 -0.260238856 -0.949243963 -0.030893879 0.313019753 55.454917908
0.264137179 0.072030768 0.961791635 5.656780243 -0.041944899 0.997121751 -0.063157372 -0.298006833 -0.963572621 -0.023660040 0.266398251 55.526893616
0.220050991 0.066775300 0.973200202 6.182600498 -0.028008388 0.997675478 -0.062121652 -0.314607978 -0.975086212 -0.013587834 0.221409768 55.602832794
0.177697271 0.065334752 0.981913984 6.710125446 -0.019539244 0.997831225 -0.062857844 -0.354854912 -0.983891189 -0.008016191 0.178588495 55.666202545
0.139213175 0.066690095 0.988014221 7.257345200 -0.016272666 0.997749031 -0.065054335 -0.381531000 -0.990128756 -0.007021205 0.139985040 55.722618103
0.106484622 0.067550026 0.992017150 7.821667194 -0.007346914 0.997715831 -0.067149460 -0.415133864 -0.994287193 -0.000137881 0.106737688 55.759250641
0.077459544 0.066016659 0.994807541 8.400956154 -0.000244136 0.997806549 -0.066196673 -0.450030088 -0.996995389 0.004884697 0.077305771 55.781600952
0.052466188 0.064211838 0.996556103 8.991728783 0.006572305 0.997886717 -0.064643584 -0.488234460 -0.998601079 0.009941272 0.051933296 55.796283722
0.032574594 0.063392714 0.997456849 9.603355408 0.011328896 0.997898996 -0.063790783 -0.514309943 -0.999405026 0.013378045 0.031787992 55.795909882
0.016315512 0.065288797 0.997732997 10.219507217 0.014237328 0.997749448 -0.065522701 -0.545297682 -0.999765515 0.015274090 0.015349258 55.808105469
0.002955434 0.065061085 0.997876883 10.857784271 0.014417855 0.997774661 -0.065097138 -0.583377063 -0.999891698 0.014579636 0.002010816 55.798069000
-0.008587565 0.065842234 0.997793138 11.490433693 0.016081709 0.997709870 -0.065698348 -0.619261146 -0.999833822 0.015482032 -0.009626755 55.788345337
-0.017586872 0.068627767 0.997487307 12.171309471 0.020389911 0.997458756 -0.068266310 -0.660404444 -0.999637425 0.019138090 -0.018941492 55.764636993
-0.024220370 0.070736751 0.997200906 12.846266747 0.024437217 0.997237325 -0.070145808 -0.697805822 -0.999407887 0.022669857 -0.025882067 55.745159149
-0.028663263 0.069906980 0.997141659 13.532422066 0.025021242 0.997289121 -0.069198072 -0.737219870 -0.999275804 0.022966282 -0.030334722 55.715179443
-0.032469012 0.067449749 0.997194171 14.221450806 0.022573203 0.997515202 -0.066736475 -0.769033074 -0.999217808 0.020343002 -0.033910889 55.701293945
-0.034912724 0.060521621 0.997556150 14.965621948 0.020616993 0.997995853 -0.059826739 -0.813051641 -0.999177635 0.018477894 -0.036090527 55.675598145
-0.035864774 0.055171542 0.997832596 15.696813583 0.022033934 0.998275936 -0.054404095 -0.845528662 -0.999113619 0.020034987 -0.037018582 55.652015686
-0.036201887 0.052314136 0.997974277 16.443210602 0.024673954 0.998371243 -0.051439889 -0.887395203 -0.999039829 0.022761751 -0.037433717 55.607662201
-0.035895873 0.054432880 0.997871995 17.188713074 0.027959246 0.998179376 -0.053443890 -0.931551099 -0.998964310 0.025981335 -0.037352420 55.575477600
-0.035272773 0.061907515 0.997458398 17.944637299 0.028784344 0.997728348 -0.060906384 -0.965144455 -0.998963058 0.026562847 -0.036974620 55.548694611
-0.032867655 0.069686979 0.997027278 18.699235916 0.029531505 0.997198403 -0.068725422 -1.006271839 -0.999023259 0.027184876 -0.034833539 55.524650574
-0.030984474 0.070798732 0.997009277 19.486190796 0.030270614 0.997097135 -0.069864236 -1.038345695 -0.999061406 0.028015375 -0.033037655 55.503437042
-0.028231587 0.066266336 0.997402430 20.271886826 0.029621875 0.997417510 -0.065428868 -1.085512519 -0.999162436 0.027697770 -0.030121613 55.474250793
-0.026296223 0.059969012 0.997853816 21.075130463 0.029187957 0.997819483 -0.059197769 -1.130495667 -0.999228001 0.027568636 -0.027989257 55.466320038
-0.023270849 0.058049005 0.998042464 21.864570618 0.027715165 0.997966588 -0.057398371 -1.183057904 -0.999344945 0.026325205 -0.024832368 55.455242157
-0.020312849 0.063898519 0.997749627 22.656076431 0.035101574 0.997385919 -0.063160621 -1.222576618 -0.999177277 0.033739612 -0.022502691 55.430953979
-0.016766919 0.069168493 0.997464061 23.436828613 0.036665715 0.996975899 -0.068518318 -1.270689607 -0.999186933 0.035423893 -0.019252323 55.418987274
-0.014426572 0.069998860 0.997442663 24.242305756 0.030890094 0.997101605 -0.069528148 -1.311498165 -0.999418676 0.029808044 -0.016547028 55.412841797
-0.011074428 0.066586845 0.997719169 25.040454865 0.026534520 0.997448564 -0.066274256 -1.357546329 -0.999586582 0.025740048 -0.012813019 55.421340942
-0.006677150 0.062650613 0.998013198 25.852676392 0.030319950 0.997589171 -0.062421154 -1.416396618 -0.999517977 0.029842917 -0.008560616 55.409915924
-0.002924725 0.063810639 0.997957766 26.641899109 0.034885369 0.997361064 -0.063670255 -1.464621067 -0.999387085 0.034627907 -0.005143064 55.401382446
-0.000186537 0.068310037 0.997664213 27.448366165 0.034369368 0.997075200 -0.068263277 -1.517378449 -0.999409199 0.034276355 -0.002533764 55.405223846
0.003222553 0.068852037 0.997621655 28.234306335 0.030813392 0.997146308 -0.068918750 -1.567936778 -0.999519944 0.030962203 0.001091792 55.417377472
0.006830179 0.068419814 0.997633219 29.045158386 0.029892584 0.997196674 -0.068594515 -1.617079377 -0.999529839 0.030290348 0.004765787 55.434471130
0.010918093 0.065258414 0.997808695 29.845176697 0.034097031 0.997263491 -0.065595850 -1.667451978 -0.999358892 0.034738492 0.008663097 55.421504974
0.014368901 0.065586738 0.997743428 30.645763397 0.038558226 0.997067809 -0.066097625 -1.725809216 -0.999153078 0.039420959 0.011797862 55.430702209
0.018346092 0.066839032 0.997595072 31.447820663 0.041293152 0.996861041 -0.067549244 -1.767653942 -0.998978674 0.042433109 0.015528508 55.431995392
0.021109845 0.066733330 0.997547507 32.241123199 0.041803252 0.996838391 -0.067570508 -1.816134572 -0.998902857 0.043127127 0.018253434 55.448253632
0.024448637 0.065329649 0.997564197 33.064556122 0.043312635 0.996856213 -0.066344813 -1.868713021 -0.998762488 0.044829179 0.021542177 55.473213196
0.028019063 0.064129472 0.997548163 33.866230011 0.045518633 0.996822953 -0.065361373 -1.919247270 -0.998570383 0.047238391 0.025010960 55.493240356
0.030989414 0.064255930 0.997452140 34.675334930 0.043831550 0.996884108 -0.065581128 -1.971724749 -0.998558164 0.045752198 0.028076416 55.517631531
0.033790313 0.066120856 0.997239351 35.488410950 0.040717617 0.996889710 -0.067477338 -2.019848108 -0.998599052 0.042885292 0.030992931 55.561031342
0.036575712 0.066350736 0.997125685 36.293128967 0.042807259 0.996773660 -0.067897499 -2.064137697 -0.998413563 0.045167621 0.033617411 55.587303162
0.039157197 0.066337824 0.997028530 37.115085602 0.040517863 0.996867836 -0.067918427 -2.115799904 -0.998411298 0.043056957 0.036346681 55.627056122
0.041099612 0.066684775 0.996927261 37.927772522 0.038779289 0.996912062 -0.068282492 -2.160314083 -0.998402178 0.041466512 0.038386714 55.670291901
0.044357952 0.066194974 0.996820271 38.739593506 0.035935782 0.997050881 -0.067809410 -2.222395897 -0.998369098 0.038829409 0.041848380 55.708248138
0.047715556 0.068172038 0.996531904 39.557800293 0.034380499 0.996964991 -0.069847852 -2.273388147 -0.998269081 0.037594102 0.045226958 55.750942230
0.050494354 0.071521692 0.996160090 40.389041901 0.032692518 0.996779561 -0.073223315 -2.335579872 -0.998189151 0.036264349 0.047993515 55.806137085
0.053984147 0.073732212 0.995815992 41.214706421 0.033316772 0.996581852 -0.075595051 -2.386124611 -0.997985840 0.037258301 0.051343109 55.856529236
0.057008531 0.076130778 0.995466888 42.034240723 0.027469669 0.996591270 -0.077789903 -2.439382315 -0.997995734 0.031779826 0.054722920 55.907775879
0.060087580 0.075386159 0.995342374 42.877765656 0.023727668 0.996754467 -0.076925516 -2.493143559 -0.997911036 0.028239420 0.058103833 55.961284637
0.063841358 0.076003261 0.995061696 43.725563049 0.026369087 0.996619105 -0.077814005 -2.551463604 -0.997611642 0.031206615 0.061621372 56.019832611
0.067407198 0.077143967 0.994738698 44.556194305 0.025171673 0.996557474 -0.078990765 -2.614160061 -0.997407913 0.030363785 0.065233313 56.081649780
0.070744820 0.078580841 0.994394362 45.412528992 0.020997409 0.996553957 -0.080245331 -2.668031693 -0.997273445 0.026556650 0.068851039 56.162532806
0.074912429 0.076011382 0.994288862 46.250991821 0.019823806 0.996780038 -0.077695422 -2.733976364 -0.996993065 0.025530942 0.073164374 56.226612091
0.079420269 0.076063119 0.993935049 47.108093262 0.020265244 0.996755302 -0.077898249 -2.799745321 -0.996635199 0.026329033 0.077621140 56.301090240
0.084375776 0.079581529 0.993250906 47.975063324 0.016815625 0.996549964 -0.081274323 -2.863775253 -0.996292174 0.023559719 0.082746446 56.388198853
0.090680465 0.088328734 0.991955161 48.809844971 0.014412094 0.995838344 -0.089991979 -2.928569317 -0.995775700 0.022456668 0.089030080 56.464412689
0.098027311 0.093288109 0.990801692 49.677333832 0.013025878 0.995391309 -0.095008962 -2.995127678 -0.995098472 0.022219535 0.096360363 56.553298950
0.104853459 0.095952459 0.989847898 50.518226624 0.008296301 0.995215595 -0.097351588 -3.076003313 -0.994453013 0.018419724 0.103555731 56.663673401
0.111747347 0.094166256 0.989264965 51.408195496 0.004568017 0.995441020 -0.095270135 -3.152837038 -0.993726134 0.015165163 0.110807724 56.780075073
0.119697846 0.092560865 0.988486171 52.259727478 0.004588138 0.995582283 -0.093780927 -3.228842735 -0.992799759 0.015760686 0.118744358 56.879394531
0.127330586 0.088615924 0.987893820 53.135204315 0.004422679 0.995940328 -0.089907758 -3.311019182 -0.991850436 0.015817145 0.126421735 56.990970612
0.134393185 0.083284006 0.987421989 54.017585754 0.001605502 0.996442318 -0.084263317 -3.383708954 -0.990926802 0.012909725 0.133781329 57.120876312
0.141451791 0.075906835 0.987030685 54.889484406 -0.000570212 0.997061968 -0.076596580 -3.449834824 -0.989944994 0.010271906 0.141079485 57.270610809
0.148997828 0.073356055 0.986112833 55.763244629 -0.001284408 0.997258067 -0.073991090 -3.522947311 -0.988836706 0.009757937 0.148683503 57.400173187
0.156318188 0.075476617 0.984818697 56.597663879 -0.000952997 0.997087061 -0.076265581 -3.576899290 -0.987706244 0.010983171 0.155934766 57.536849976
0.161803767 0.082072027 0.983404160 57.444110870 -0.000208560 0.996538341 -0.083133832 -3.638526678 -0.986822844 0.013246274 0.161260784 57.683296204
0.167193860 0.085644640 0.982197046 58.261028290 -0.002040477 0.996247768 -0.086522460 -3.704000711 -0.985921860 0.012461876 0.166741282 57.822063446
0.171892017 0.088157885 0.981163144 59.102333069 -0.002943196 0.996029317 -0.088977970 -3.779934883 -0.985111415 0.012406850 0.171468988 57.988800049
0.177705780 0.087953828 0.980145276 59.908691406 -0.005501135 0.996071160 -0.088385545 -3.847019911 -0.984068274 0.010314712 0.177491456 58.129753113
0.182967082 0.084814757 0.979453683 60.735301971 -0.001443428 0.996293843 -0.086003378 -3.921919823 -0.983117998 0.014322015 0.182411402 58.285438538
0.187636480 0.078606315 0.979088128 61.540775299 -0.000983146 0.996807158 -0.079840489 -3.977575302 -0.982238054 0.014018402 0.187114671 58.437236786
0.190486446 0.072793469 0.978987277 62.366516113 -0.003254000 0.997288287 -0.073521122 -4.041436672 -0.981684446 0.010819153 0.190206796 58.612144470
0.193796292 0.069099911 0.978605211 63.131549835 -0.006824991 0.997587264 -0.069088660 -4.101854324 -0.981018066 0.006710154 0.193800300 58.773582458
0.197231635 0.069183879 0.977912664 63.922801971 -0.008432935 0.997589588 -0.068875164 -4.161193371 -0.980320573 0.005337687 0.197339714 58.934860229
0.199116871 0.070980653 0.977401793 64.672241211 -0.009886600 0.997468174 -0.070423804 -4.217318058 -0.979925871 0.004359387 0.199314505 59.102523804
0.201004297 0.075860299 0.976648569 65.428916931 -0.014173118 0.997117758 -0.074533261 -4.266425133 -0.979487836 0.001139349 0.201500133 59.255683899
0.202755138 0.079691641 0.975981355 66.169631958 -0.015394396 0.996819258 -0.078194991 -4.328536510 -0.979108393 0.000829796 0.203337044 59.432125092
0.204608455 0.085240625 0.975125313 66.901542664 -0.015886620 0.996359050 -0.083763324 -4.384600163 -0.978714883 0.001647239 0.205217674 59.599552155
0.206518978 0.086936757 0.974572659 67.634140015 -0.015033574 0.996209145 -0.085681103 -4.446328640 -0.978327096 0.003043465 0.207043067 59.751514435
0.207918227 0.086989276 0.974270403 68.349754333 -0.017321311 0.996208906 -0.085251562 -4.502818584 -0.977992892 0.000849715 0.208636716 59.911273956
0.208160192 0.084040731 0.974477530 69.066032410 -0.017568734 0.996462345 -0.082183845 -4.565700054 -0.977936924 -0.000012935 0.208900288 60.079517365
0.209208310 0.081221178 0.974492192 69.763694763 -0.017667046 0.996695876 -0.079278953 -4.626653671 -0.977711499 -0.000630579 0.209951997 60.222442627
0.208925232 0.080389887 0.974621832 70.459136963 -0.015880059 0.996763051 -0.078812025 -4.671823025 -0.977802813 0.000988770 0.209525555 60.380260468
0.207345694 0.079635926 0.975021005 71.135787964 -0.016422004 0.996824145 -0.077924445 -4.727916241 -0.978129983 0.000145499 0.207994968 60.528564453
0.205327809 0.080609620 0.975367904 71.816474915 -0.018316334 0.996744275 -0.078520447 -4.787110806 -0.978521883 -0.001742734 0.206135809 60.692218781
0.203365922 0.083023407 0.975576460 72.457580566 -0.018915188 0.996545613 -0.080864914 -4.846618652 -0.978920102 -0.002008044 0.204233781 60.823196411
0.201185346 0.086521320 0.975724578 73.091522217 -0.016702568 0.996249795 -0.084897444 -4.901084900 -0.979410887 0.000783015 0.201875955 60.954799652
0.199638486 0.087739311 0.975933492 73.740501404 -0.014849616 0.996139586 -0.086518221 -4.948399067 -0.979757071 0.002780133 0.200170726 61.080715179
0.197218180 0.086528175 0.976533592 74.374916077 -0.015420957 0.996247947 -0.085160628 -4.995990276 -0.980238318 0.001736141 0.197812542 61.215354919
0.194656715 0.083712868 0.977292776 74.993125916 -0.016183319 0.996489882 -0.082133889 -5.049750805 -0.980737865 0.000172079 0.195328280 61.343860626
0.192570016 0.079520658 0.978055894 75.605651855 -0.015132506 0.996833146 -0.078067906 -5.101402760 -0.981166482 0.000233102 0.193163559 61.468986511
0.191051677 0.078778729 0.978413522 76.202590942 -0.011761202 0.996886373 -0.077969529 -5.154640675 -0.981509507 0.003388888 0.191383287 61.568122864
0.189396620 0.080277190 0.978613555 76.788627625 -0.008139354 0.996746421 -0.080189399 -5.202251434 -0.981866956 0.007222318 0.189433768 61.670810699
0.186846718 0.081881858 0.978970647 77.361900330 -0.003683049 0.996571779 -0.082651049 -5.251178265 -0.982382178 0.011837484 0.186507732 61.781990051
0.184754848 0.083457835 0.979234517 77.935317993 -0.004437852 0.996448517 -0.084087633 -5.298801422 -0.982774615 0.011189900 0.184469059 61.897636414
0.183515817 0.086307839 0.979220569 78.513404846 -0.004644323 0.996203303 -0.086934283 -5.341605186 -0.983005881 0.011406001 0.183219880 62.008178711
0.182765797 0.084544562 0.979514599 79.105163574 -0.002942345 0.996338308 -0.085447639 -5.395380974 -0.983152092 0.012734839 0.182345331 62.108558655
0.183753908 0.083047181 0.979457855 79.691062927 0.003061214 0.996371508 -0.085055582 -5.439657211 -0.982967675 0.018627623 0.182832927 62.200672150
0.185759172 0.081306465 0.979225516 80.273963928 0.007921881 0.996414304 -0.084236443 -5.480228424 -0.982563317 0.023405004 0.184449002 62.308815002
0.188184425 0.080228060 0.978851318 80.857093811 0.010470047 0.996437430 -0.083682321 -5.536698341 -0.982077897 0.025996329 0.186674044 62.411964417
0.191543132 0.080163993 0.978204906 81.451927185 0.007943175 0.996499717 -0.083218604 -5.579780102 -0.981452107 0.023710003 0.190235898 62.539241791
0.196300372 0.081061453 0.977187335 82.052963257 0.006710095 0.996442616 -0.084006682 -5.626935959 -0.980520785 0.023047566 0.195058122 62.671566010
0.203096092 0.079901300 0.975893259 82.649078369 0.007967060 0.996497154 -0.083246306 -5.668110371 -0.979126453 0.024681997 0.201748103 62.794593811
0.210460275 0.080337934 0.974295795 83.255439758 0.006162683 0.996488929 -0.083499119 -5.710556030 -0.977582991 0.023577528 0.209226206 62.936435699
0.219699308 0.078447536 0.972408473 83.876632690 0.006244288 0.996628225 -0.081812218 -5.756935596 -0.975547552 0.024046090 0.218468696 63.076290131
0.227780983 0.078045711 0.970579565 84.479980469 0.002854799 0.996724784 -0.080818065 -5.807209492 -0.973708212 0.021179628 0.226812124 63.238227844
0.237594977 0.077075005 0.968301594 85.105384827 0.002031290 0.996805489 -0.079842262 -5.861005783 -0.971362174 0.020937027 0.236679420 63.398239136
0.246869430 0.081450231 0.965619624 85.723350525 -0.003672302 0.996532857 -0.083118916 -5.903238773 -0.969041765 0.016973471 0.246312618 63.576972961
0.256241351 0.084046528 0.962951958 86.360862732 -0.007091787 0.996349394 -0.085074320 -5.944137096 -0.966586828 0.014970510 0.255901963 63.767555237
0.267001063 0.086480953 0.959807992 86.998023987 -0.011301710 0.996177852 -0.086614043 -5.998076439 -0.963630080 0.012278567 0.266957909 63.955047607
0.277235895 0.088331401 0.956732929 87.644111633 -0.012894130 0.996017396 -0.088222019 -6.050360680 -0.960715353 0.012122070 0.277270734 64.150764465
0.286874950 0.088906273 0.953833580 88.298782349 -0.015927266 0.995989084 -0.088045284 -6.104939461 -0.957835615 0.010066026 0.287140369 64.364990234
0.297358066 0.089120470 0.950597525 88.978080750 -0.016161671 0.995961189 -0.088317856 -6.155591965 -0.954629242 0.010898779 0.297597438 64.592567444
0.307765543 0.090467729 0.947151542 89.655738831 -0.020903260 0.995872021 -0.088329032 -6.207561493 -0.951232731 0.007386073 0.308386058 64.816047668
0.318120122 0.085617289 0.944176614 90.354690552 -0.020093855 0.996299088 -0.083573520 -6.256697178 -0.947837472 0.007614272 0.318663120 65.065887451
0.328675836 0.078611672 0.941165447 91.054290771 -0.016812382 0.996858954 -0.077392258 -6.309884071 -0.944293141 0.009613729 0.328965157 65.310325623
0.339405656 0.074498087 0.937685311 91.759834290 -0.015646109 0.997168005 -0.073560618 -6.366976261 -0.940509975 0.010295761 0.339610040 65.573402405
0.349939644 0.070914835 0.934084237 92.502403259 -0.015955629 0.997437119 -0.069747008 -6.417388916 -0.936636388 0.009503338 0.350174248 65.860221863
0.359207302 0.068778880 0.930719972 93.229354858 -0.010303635 0.997512162 -0.069738090 -6.462256908 -0.933200955 0.015460630 0.359022260 66.144622803
0.368176579 0.063047767 0.927615762 93.993942261 -0.002904830 0.997771442 -0.066663131 -6.501482964 -0.929751277 0.021849241 0.367539138 66.437286377
0.375014603 0.054092258 0.925439417 94.762298584 0.006229090 0.998126566 -0.060865059 -6.539811611 -0.926997900 0.028589932 0.373975068 66.739929199
0.382453501 0.049010415 0.922673941 95.530876160 0.012079907 0.998241663 -0.058031593 -6.593405724 -0.923895776 0.033340201 0.381188959 67.044151306
0.390044659 0.048559994 0.919514596 96.306663513 0.014734855 0.998151362 -0.058963150 -6.645125389 -0.920677960 0.036547173 0.388608098 67.369224548
0.397114664 0.055848088 0.916068196 97.056251526 0.016014792 0.997573078 -0.067759439 -6.678283691 -0.917629182 0.041578904 0.395256549 67.699874878
0.404652447 0.059509616 0.912532210 97.820564270 0.020954985 0.997014821 -0.074311309 -6.722561359 -0.914230347 0.049192354 0.402197480 68.031135559
0.409736902 0.061871998 0.910103142 98.573951721 0.018374674 0.996934831 -0.076047577 -6.783436298 -0.912018657 0.047882352 0.407344162 68.377937317
0.413714767 0.063486800 0.908190250 99.316383362 0.011052610 0.997141778 -0.074739806 -6.844210625 -0.910339475 0.040958837 0.411830544 68.746223450
0.417853713 0.067114398 0.906031966 100.056678772 0.004344335 0.997108638 -0.075864494 -6.904210567 -0.908503950 0.035636362 0.416353941 69.093147278
0.421683192 0.070007846 0.904036582 100.776870728 0.003743130 0.996872067 -0.078942932 -6.966605663 -0.906735539 0.036672827 0.420102149 69.440834045
0.425338924 0.074673884 0.901948214 101.494850159 0.000160634 0.996583998 -0.082584694 -7.026991367 -0.905034125 0.035271373 0.423873991 69.796905518
0.429520875 0.077150777 0.899755299 102.223236084 -0.002233004 0.996431530 -0.084374458 -7.085021973 -0.903054178 0.034231428 0.428160459 70.142173767
0.433451563 0.075469933 0.898011208 102.929641724 -0.003366096 0.996615648 -0.082132056 -7.152056217 -0.901170671 0.032577470 0.432238698 70.494789124
0.437862545 0.072530635 0.896111488 103.639587402 -0.002107774 0.996820509 -0.079652049 -7.206976414 -0.899039507 0.032987840 0.436623216 70.838905334
0.441152394 0.069621556 0.894727588 104.307472229 -0.002337083 0.997071981 -0.076432966 -7.267947197 -0.897429228 0.031627540 0.440023363 71.165138245
0.444720060 0.068854675 0.893019140 104.985176086 -0.003820816 0.997177541 -0.074982867 -7.331195354 -0.895661533 0.029934321 0.443727911 71.512283325
0.448196113 0.070117258 0.891181171 105.633613586 -0.005289545 0.997109592 -0.075791381 -7.385827065 -0.893919647 0.029255452 0.447271526 71.842132568
0.450954348 0.071057640 0.889714003 106.293769836 -0.004509286 0.996994555 -0.077340126 -7.434018135 -0.892535627 0.030864889 0.449919403 72.179748535
0.453115314 0.069223508 0.888760209 106.938430786 -0.002360575 0.997070134 -0.076456048 -7.486791611 -0.891448736 0.032545421 0.451951146 72.509834290
0.455042332 0.068568520 0.887825847 107.578186035 -0.000754846 0.997060180 -0.076618023 -7.538858891 -0.890469491 0.034194268 0.453756362 72.832572937
0.456813842 0.068098560 0.886951923 108.212867737 -0.001859180 0.997136533 -0.075600773 -7.595095158 -0.889560401 0.032886475 0.455632359 73.167259216
0.458599240 0.067752607 0.886056662 108.829147339 -0.000551166 0.997110724 -0.075959124 -7.644061089 -0.888643086 0.034346435 0.457311600 73.504096985
0.461400121 0.069098726 0.884497166 109.430671692 -0.000990264 0.997001767 -0.077371255 -7.698837757 -0.887191594 0.034823220 0.460085273 73.810386658
0.464226156 0.069162391 0.883012235 110.026893616 0.001976938 0.996863186 -0.079119161 -7.750994205 -0.885714471 0.038474847 0.462633252 74.114204407
0.467294186 0.068919078 0.881411493 110.608177185 0.003119884 0.996822178 -0.079597287 -7.801256180 -0.884096265 0.039945252 0.465594232 74.419418335
0.470330983 0.066629887 0.879971147 111.189727783 0.006679291 0.996848345 -0.079049595 -7.854577065 -0.882464767 0.043057062 0.468403608 74.736236572
0.473837078 0.065880932 0.878144681 111.754730225 0.008427493 0.996812701 -0.079331122 -7.896973610 -0.880572140 0.044990588 0.471771628 75.036376953
0.476737499 0.065391377 0.876610160 112.296600342 0.008956052 0.996816218 -0.079228908 -7.952333450 -0.879000068 0.045622356 0.474634022 75.338714600
0.480709761 0.064473957 0.874506295 112.857131958 0.009514175 0.996851027 -0.078723826 -8.002314568 -0.876828134 0.046163525 0.478582621 75.632537842
0.483495325 0.063898332 0.873011708 113.391365051 0.010650741 0.996828794 -0.078859530 -8.055821419 -0.875282228 0.047426432 0.481281459 75.949279785
0.488136351 0.064976536 0.870345294 113.928070068 0.011010001 0.996687114 -0.080583714 -8.095021248 -0.872697949 0.048918352 0.485803753 76.235038757
0.492380917 0.065441132 0.867916107 114.464332581 0.013123168 0.996497869 -0.082581192 -8.138541222 -0.870280862 0.052051209 0.489797741 76.539222717
0.497556388 0.068881713 0.864692330 114.986206055 0.011211842 0.996248126 -0.085812949 -8.183964729 -0.867359161 0.052391574 0.494917363 76.829315186
0.503201187 0.074851863 0.860921502 115.501754761 0.007961955 0.995797873 -0.091232225 -8.229402542 -0.864132583 0.052762784 0.500490665 77.141784668
0.508638859 0.081648514 0.857099712 116.020256042 0.002453552 0.995351791 -0.096274652 -8.288471222 -0.860976398 0.051071972 0.506074429 77.467651367
0.514594615 0.088047989 0.852900863 116.537742615 -0.002786661 0.994880199 -0.101023689 -8.343729973 -0.857429087 0.049609493 0.512205362 77.795257568
0.521032631 0.092255652 0.848536432 117.042968750 -0.006526773 0.994543195 -0.104122303 -8.401972771 -0.853511870 0.048712902 0.518791497 78.122566223
0.526312232 0.092746191 0.845218062 117.579353333 -0.010790213 0.994681895 -0.102427930 -8.454164505 -0.850222886 0.044788990 0.524514019 78.475074768
0.531415939 0.092212848 0.842077076 118.096817017 -0.017740529 0.995051086 -0.097768821 -8.511101723 -0.846925139 0.037017018 0.530421853 78.824981689
0.537545562 0.089710847 0.838449001 118.643226624 -0.023645455 0.995537162 -0.091359146 -8.564746857 -0.842903137 0.029284196 0.537267864 79.190704346
0.543561757 0.087956473 0.834747970 119.179756165 -0.030271931 0.995901763 -0.085224919 -8.622703552 -0.838823199 0.021055574 0.543996751 79.549118042
0.549425125 0.086101562 0.831094801 119.724983215 -0.032737069 0.996130824 -0.081557296 -8.674220085 -0.834901392 0.017602030 0.550118089 79.936546326
0.556008577 0.089829378 0.826308191 120.267524719 -0.037410427 0.995839894 -0.083086632 -8.715208054 -0.830334246 0.015284343 0.557056129 80.311714172
0.561397076 0.093730435 0.822221398 120.836021423 -0.041600417 0.995505214 -0.085080259 -8.771066666 -0.826500416 0.013559051 0.562772930 80.739479065
0.567599893 0.097256593 0.817539930 121.394126892 -0.044255462 0.995166719 -0.087661937 -8.815970421 -0.822114289 0.013576299 0.569160640 81.138198853
0.573463738 0.099289589 0.813191891 121.973548889 -0.047125325 0.994982600 -0.088253178 -8.876026154 -0.817874432 0.012288061 0.575265527 81.577880859
