1.000000000 0.000000000 0.000000000 0.000000000 0.000000000 0.999961495 0.000000000 -0.000065506 0.000000000 0.000000000 0.999961495 0.000000001
0.999979019 0.000350342 -0.006464529 -0.007978315 -0.000348014 0.999980628 0.000360064 -0.001335177 0.006464529 -0.000357806 0.999959767 0.092200533
0.999907792 0.001029569 -0.013538433 -0.018765746 -0.001028590 0.999980211 0.000077777 -0.000349018 0.013538245 -0.000063844 0.999889076 0.184349507
0.999775112 0.001473868 -0.021156646 -0.028431874 -0.001489401 0.999979377 -0.000719770 0.000033453 0.021155147 0.000751118 0.999756634 0.286673337
0.999541640 0.001884219 -0.030215308 -0.043394871 -0.001945784 0.999976873 -0.002009475 -0.002385076 0.030210823 0.002067346 0.999522150 0.385207444
0.999125004 0.001831906 -0.041782945 -0.060340542 -0.001973405 0.999973178 -0.003346377 -0.005984887 0.041775692 0.003425903 0.999101877 0.502161026
0.998481333 0.001732787 -0.055064145 -0.086333022 -0.001967039 0.999969959 -0.004200865 -0.006137538 0.055055212 0.004302797 0.998454690 0.625086963
0.997443557 0.001909858 -0.071432889 -0.113909855 -0.002231976 0.999968410 -0.004430343 -0.003976338 0.071422175 0.004578454 0.997416377 0.766925991
0.995924950 0.000315521 -0.090185396 -0.139830321 -0.000708147 0.999971151 -0.004321646 -0.007124577 0.090181433 0.004367899 0.995896399 0.911120176
0.993930280 -0.000508192 -0.110010728 -0.178946570 0.000024777 0.999971092 -0.004395491 -0.011682609 0.110009782 0.004366086 0.993901551 1.069828391
0.991219938 -0.000340378 -0.132223129 -0.212128207 -0.000329428 0.999987185 -0.005043818 -0.009393577 0.132223189 0.005043091 0.991207123 1.247356534
0.987667382 0.003256604 -0.156532377 -0.262895674 -0.004324219 0.999969661 -0.006480354 -0.015283983 0.156506494 0.007077315 0.987651587 1.422333241
0.983292103 0.006922915 -0.181902975 -0.328503549 -0.008454671 0.999934971 -0.007646629 -0.023105904 0.181838229 0.009056799 0.983286679 1.564036727
0.977904975 0.010073179 -0.208806977 -0.397801071 -0.012113292 0.999890566 -0.008493833 -0.030254798 0.208698526 0.010835503 0.977920055 1.739767551
0.971235573 0.010862910 -0.237872869 -0.478227943 -0.013301022 0.999874055 -0.008646975 -0.036653012 0.237748981 0.011562203 0.971257746 1.978142262
0.963166833 0.012737934 -0.268602639 -0.556364894 -0.015500205 0.999846458 -0.008165615 -0.037217516 0.268457353 0.012028246 0.963216424 2.111067772
0.953684926 0.014648667 -0.300450355 -0.666717827 -0.017583035 0.999820471 -0.007064859 -0.042556595 0.300292939 0.012020478 0.953771234 2.381693602
0.942424893 0.016444752 -0.334013075 -0.766258478 -0.019643508 0.999787867 -0.006201157 -0.041886657 0.333840281 0.012405314 0.942548037 2.571288586
0.929884970 0.018577281 -0.367380917 -0.895574749 -0.022135789 0.999739945 -0.005474663 -0.047179926 0.367183715 0.013223071 0.930054486 2.790976524
0.916061819 0.021176519 -0.400477499 -1.017918706 -0.025429867 0.999662638 -0.005308559 -0.042411935 0.400229901 0.015047058 0.916291177 2.976329803
0.899967909 0.022190580 -0.435390800 -1.144927859 -0.026712036 0.999634027 -0.004266315 -0.047083948 0.435136855 0.015469718 0.900231540 3.164921522
0.881541371 0.017959042 -0.471764952 -1.309686661 -0.022820236 0.999729097 -0.004584510 -0.051385980 0.471554756 0.014807224 0.881712437 3.404047251
0.860452771 0.012516564 -0.509376466 -1.457160115 -0.017554674 0.999832928 -0.005085619 -0.054249175 0.509227693 0.013317870 0.860528767 3.592877626
0.835464418 0.014429267 -0.549355090 -1.649156451 -0.018497285 0.999827206 -0.001869556 -0.058297627 0.549233139 0.011723524 0.835586905 3.811801672
0.806402683 0.020197123 -0.591021836 -1.857386112 -0.023382686 0.999724030 0.002259958 -0.066111036 0.590904355 0.011997243 0.806652427 4.008069038
0.773930907 0.023637192 -0.632828772 -2.068201303 -0.027137326 0.999623060 0.004149412 -0.068141200 0.632688224 0.013961921 0.774280727 4.190484524
0.737904370 0.022707302 -0.674523175 -2.319656134 -0.026151055 0.999645293 0.005043962 -0.073563933 0.674398482 0.013917533 0.738236427 4.388072491
0.698059857 0.018116495 -0.715810180 -2.573203325 -0.019936269 0.999784112 0.005861711 -0.069238193 0.715761840 0.010178761 0.698270321 4.585152149
0.655669212 0.014785805 -0.754903436 -2.831861496 -0.014620595 0.999869406 0.006885121 -0.072017647 0.754906714 0.006522775 0.655799806 4.755995750
0.610265315 0.013485072 -0.792082489 -3.138477802 -0.011489866 0.999900639 0.008170699 -0.064424798 0.792113900 0.004114626 0.610359609 4.951822281
0.562215686 0.013942443 -0.826873183 -3.432693481 -0.008541930 0.999902487 0.011052089 -0.065934889 0.826946557 0.000849433 0.562279940 5.097157478
0.512043774 0.014800551 -0.858831882 -3.791992664 -0.005968435 0.999888718 0.013672994 -0.069831364 0.858938575 -0.001875289 0.512075067 5.240019321
0.459152251 0.015679115 -0.888219237 -4.151659966 -0.004934265 0.999873817 0.015099377 -0.057857402 0.888343930 -0.002550204 0.459171653 5.373018742
0.404744804 0.018663991 -0.914239168 -4.549273014 -0.002361842 0.999809682 0.019365281 -0.071370095 0.914426684 -0.005678706 0.404711843 5.492130280
0.349466383 0.020626267 -0.936721802 -4.959886074 -0.001576166 0.999769211 0.021426521 -0.068115808 0.936947644 -0.006011420 0.349418253 5.589342117
0.293839067 0.024082439 -0.955551505 -5.426032066 0.001867033 0.999666214 0.025768375 -0.071838379 0.955853224 -0.009355799 0.293695956 5.692224503
0.239108667 0.026461894 -0.970632195 -5.902467251 0.006112583 0.999567807 0.028756542 -0.072286062 0.970973551 -0.012809009 0.238843590 5.781823635
0.189111158 0.026092179 -0.981609106 -6.387593746 0.008212636 0.999569893 0.028151803 -0.058456544 0.981921315 -0.013385418 0.188815549 5.815299988
0.140976205 0.027125599 -0.989641368 -6.913645267 0.006618128 0.999576390 0.028340682 -0.051322106 0.989990830 -0.010544935 0.140736967 5.850389481
0.099224299 0.027435472 -0.994686782 -7.445256233 0.004189198 0.999599457 0.027988868 -0.037415292 0.995056272 -0.006944116 0.099069625 5.844500065
0.060940124 0.025849959 -0.997806609 -8.005562782 0.003355897 0.999653637 0.026102766 -0.025017276 0.998135805 -0.004939242 0.060832266 5.845920563
0.026802225 0.023148915 -0.999372661 -8.587940216 0.004128761 0.999720752 0.023267707 -0.014331635 0.999632180 -0.004749797 0.026699165 5.824948788
-0.005168576 0.020001261 -0.999786556 -9.187967300 0.004611529 0.999789834 0.019977484 -0.003955392 0.999975920 -0.004507290 -0.005259726 5.803967953
-0.030944975 0.018409105 -0.999351561 -9.822398186 0.003644270 0.999825776 0.018304998 0.001738402 0.999514461 -0.003075460 -0.031006671 5.744760036
-0.051518738 0.015683426 -0.998548925 -10.470696449 0.002602253 0.999875426 0.015570004 0.020694124 0.998668730 -0.001796330 -0.051553126 5.686380863
-0.067991890 0.015003663 -0.997573078 -11.143123627 0.004052888 0.999882817 0.014762171 0.029242221 0.997677565 -0.003039344 -0.068044737 5.624364376
-0.080981202 0.015575192 -0.996593952 -11.834674835 0.004967663 0.999871790 0.015222758 0.036831547 0.996703267 -0.003717986 -0.081048183 5.552755833
-0.090204358 0.016568506 -0.995785475 -12.548809052 0.003845609 0.999859929 0.016287941 0.036182988 0.995915890 -0.002360159 -0.090255462 5.476672173
-0.097226344 0.017616890 -0.995106339 -13.282402992 0.002411957 0.999844551 0.017465115 0.046811897 0.995259285 -0.000702085 -0.097253710 5.387703896
-0.101082310 0.018688068 -0.994702458 -13.997772217 0.002238791 0.999825358 0.018556802 0.051469047 0.994875491 -0.000351166 -0.101106480 5.306833267
-0.102517933 0.019403111 -0.994541883 -14.800477028 0.004439232 0.999808669 0.019048264 0.063880801 0.994721234 -0.002462214 -0.102584459 5.214756012
-0.101645559 0.021012548 -0.994598746 -15.589345932 0.006905694 0.999767721 0.020416006 0.086371712 0.994796753 -0.004793198 -0.101767048 5.138095379
-0.099585354 0.023462024 -0.994752407 -16.402051926 0.006152067 0.999717355 0.022963243 0.090379544 0.995010078 -0.003832981 -0.099701546 5.051659107
-0.097888909 0.023905417 -0.994910181 -17.210269928 0.003125609 0.999713957 0.023713311 0.088945702 0.995192587 -0.000788431 -0.097935610 4.956582546
-0.096272886 0.021001594 -0.995133340 -18.052165985 0.001207397 0.999779165 0.020982828 0.104425699 0.995354354 0.000818556 -0.096276969 4.879202366
-0.094650611 0.020894552 -0.995291233 -18.912084579 0.000459530 0.999780536 0.020945096 0.118164577 0.995510578 0.001525100 -0.094639421 4.782663345
-0.093765624 0.023691351 -0.995312333 -19.792289734 0.000774912 0.999718249 0.023723222 0.129493475 0.995594144 0.001453144 -0.093757555 4.726986885
-0.091561787 0.027243286 -0.995426655 -20.684198380 0.000147611 0.999626100 0.027344640 0.144416437 0.995799363 0.002356788 -0.091531567 4.625809669
-0.090502985 0.029390220 -0.995462418 -21.601572037 -0.000398542 0.999563336 0.029547529 0.148557901 0.995896101 0.003070873 -0.090451755 4.573123932
-0.087928921 0.028629795 -0.995715261 -22.519020081 -0.002719045 0.999576271 0.028980922 0.168093115 0.996123195 0.005255655 -0.087813810 4.451882839
-0.085961275 0.026007637 -0.995958984 -23.486175537 -0.005026997 0.999635160 0.026537513 0.181437626 0.996285915 0.007287879 -0.085799165 4.370043278
-0.084832259 0.025013354 -0.996081173 -24.409330368 -0.005625958 0.999656916 0.025582282 0.203620642 0.996379316 0.007774114 -0.084662423 4.288661003
-0.083980806 0.027294800 -0.996093452 -25.418012619 -0.002977565 0.999613464 0.027642291 0.216154516 0.996462882 0.005287354 -0.083867058 4.231880665
-0.082209028 0.029448995 -0.996179938 -26.326002121 -0.001014404 0.999560356 0.029632641 0.233908385 0.996614635 0.003446600 -0.082143016 4.132442951
-0.081242628 0.031383172 -0.996200085 -27.337318420 -0.000498919 0.999502718 0.031527903 0.246013001 0.996694267 0.003058433 -0.081186570 4.068517685
-0.080385655 0.026842019 -0.996402383 -28.269941330 0.000095017 0.999637485 0.026921507 0.258383930 0.996763825 0.002069427 -0.080359057 3.979204178
-0.080652453 0.019981707 -0.996541977 -29.300144196 0.001573214 0.999800324 0.019919720 0.270938247 0.996740937 0.000038800 -0.080667786 3.920560598
-0.080831662 0.014956590 -0.996615529 -30.234638214 0.004890892 0.999881327 0.014608920 0.291435838 0.996715784 -0.003693474 -0.080895215 3.842275620
-0.081915528 0.015411202 -0.996520102 -31.287151337 0.005633982 0.999871612 0.014999912 0.309982210 0.996623337 -0.004385650 -0.081991829 3.792948961
-0.081349067 0.023336247 -0.996412456 -32.232063293 0.005974737 0.999719262 0.022925902 0.308861703 0.996667743 -0.004088302 -0.081465662 3.681024313
-0.082379207 0.030143395 -0.996145070 -33.319446564 0.004825204 0.999542773 0.029847175 0.329169929 0.996589363 -0.002347816 -0.082486995 3.631469727
-0.082946651 0.035604615 -0.995917678 -34.278293610 0.003178311 0.999365926 0.035463180 0.340476066 0.996548951 -0.000223784 -0.083007209 3.537874460
-0.083824024 0.036066741 -0.995827675 -35.369007111 0.002436202 0.999349236 0.035989214 0.361918569 0.996477664 0.000590723 -0.083857343 3.474529982
-0.083611891 0.032547578 -0.995966673 -36.324722290 0.001478768 0.999469399 0.032537896 0.367591858 0.996497273 0.001247752 -0.083615646 3.366525650
-0.084588632 0.030137256 -0.995960116 -37.398456573 -0.000318681 0.999541581 0.030272698 0.373028785 0.996415913 0.002878119 -0.084540263 3.317549706
-0.083933406 0.031620689 -0.995969474 -38.410175323 -0.002303513 0.999487698 0.031926502 0.375325918 0.996468723 0.004973929 -0.083817564 3.181065321
-0.083386771 0.034010094 -0.995936692 -39.579391479 -0.003977536 0.999398112 0.034461331 0.377559125 0.996509373 0.006834993 -0.083201319 3.071090937
-0.083474524 0.031727448 -0.996004760 -40.695259094 -0.003684251 0.999476433 0.032146815 0.422151625 0.996503174 0.006352971 -0.083313927 2.993177652
-0.083775014 0.026456380 -0.996133566 -41.526149750 -0.004922008 0.999624252 0.026963042 0.444120765 0.996472538 0.007161804 -0.083613329 2.934802532
-0.083341889 0.022829734 -0.996259451 -42.676570892 -0.008068501 0.999689341 0.023583299 0.431174994 0.996488392 0.010003798 -0.083131798 2.841676950
-0.083564453 0.022639459 -0.996245205 -43.784259796 -0.006666633 0.999706805 0.023277322 0.481233805 0.996480048 0.008586757 -0.083389029 2.804166794
-0.082331508 0.025669793 -0.996274292 -44.653701782 -0.004691006 0.999647141 0.026144361 0.465545505 0.996593893 0.006826036 -0.082182042 2.655355453
-0.081860960 0.030530879 -0.996176004 -45.758213043 -0.003518269 0.999515533 0.030922348 0.485631019 0.996637464 0.006036149 -0.081713893 2.580534697
-0.081974149 0.035782658 -0.995991826 -46.865364075 -0.003830951 0.999336541 0.036218122 0.504834116 0.996627152 0.006784546 -0.081782691 2.521979332
-0.081647158 0.039711546 -0.995869815 -47.776157379 -0.003674461 0.999187052 0.040145084 0.503210664 0.996654451 0.006937017 -0.081434876 2.408175468
-0.082042068 0.039775304 -0.995834768 -48.849182129 -0.003292081 0.999187052 0.040180419 0.518643141 0.996623397 0.006574855 -0.081844427 2.352863073
-0.082497366 0.034863777 -0.995981276 -49.965476990 -0.003616498 0.999370873 0.035281986 0.554231465 0.996584713 0.006512635 -0.082319371 2.288705349
-0.081122868 0.031136831 -0.996217608 -50.919208527 -0.004180522 0.999492586 0.031579614 0.556151211 0.996695340 0.006726539 -0.080951527 2.149062157
-0.080882221 0.028600279 -0.996313214 -52.022869110 -0.008277056 0.999534428 0.029364692 0.572296858 0.996689260 0.010621622 -0.080607846 2.062055826
-0.081793413 0.026435379 -0.996298671 -53.136394501 -0.012064390 0.999548614 0.027512066 0.587754428 0.996576309 0.014270043 -0.081437558 1.987480521
-0.082170255 0.024375681 -0.996320188 -54.044185638 -0.009488281 0.999636352 0.025239345 0.596270144 0.996573091 0.011527289 -0.081909083 1.875890493
-0.082918234 0.020858238 -0.996338010 -55.138618469 -0.005335487 0.999757171 0.021373857 0.601380944 0.996542037 0.007088230 -0.082786813 1.789740801
-0.084250517 0.018457737 -0.996273637 -56.215034485 -0.002310239 0.999822021 0.018718846 0.637003720 0.996441901 0.003878703 -0.084192887 1.745379329
-0.086202763 0.022672109 -0.996019602 -57.149799347 -0.001290431 0.999737620 0.022868423 0.620570362 0.996276796 0.003256617 -0.086150877 1.623874307
-0.088784270 0.028970486 -0.995629489 -58.241523743 0.001457836 0.999579608 0.028955422 0.630701542 0.996049881 0.001119321 -0.088789172 1.573296070
-0.091277011 0.032179549 -0.995305479 -59.321243286 0.002818657 0.999482036 0.032056086 0.657569945 0.995821536 0.000120557 -0.091320440 1.521371841
-0.091270931 0.031767178 -0.995319307 -60.247165680 0.002959027 0.999495208 0.031629123 0.647282600 0.995821714 -0.000058357 -0.091318861 1.345881581
-0.093123369 0.027340868 -0.995279193 -61.300628662 -0.001658723 0.999617159 0.027615238 0.665883124 0.995653152 0.004222515 -0.093042359 1.293545127
-0.093894117 0.023890715 -0.995295525 -62.359844208 -0.005073427 0.999687493 0.024474762 0.672938645 0.995569229 0.007347594 -0.093743570 1.165221095
-0.095169708 0.022671187 -0.995202839 -63.258705139 -0.009510667 0.999674320 0.023682535 0.675274968 0.995415509 0.011718903 -0.094923109 1.029475212
-0.096868314 0.023202447 -0.995026648 -64.313629150 -0.009685483 0.999658942 0.024253365 0.690769136 0.995250046 0.011986696 -0.096610546 0.951358855
-0.096794948 0.025617335 -0.994974554 -65.273017883 -0.011347990 0.999575317 0.026839769 0.681547284 0.995239556 0.013888916 -0.096463144 0.817269385
-0.098141544 0.025434772 -0.994847357 -66.332725525 -0.014555220 0.999529719 0.026990356 0.676330209 0.995065987 0.017129095 -0.097725183 0.742947578
-0.098278150 0.024769574 -0.994850695 -67.262519836 -0.014446129 0.999549329 0.026313648 0.696921408 0.995054245 0.016957799 -0.097876035 0.607153535
-0.099285960 0.026821511 -0.994697452 -68.281936646 -0.012008054 0.999531507 0.028150447 0.703394175 0.994986475 0.014739324 -0.098917380 0.519748867
-0.099206246 0.029653490 -0.994624913 -69.217193604 -0.011719473 0.999451756 0.030966319 0.710249245 0.994997919 0.014728533 -0.098804340 0.411880493
-0.099725068 0.033387445 -0.994454741 -70.225051880 -0.011966847 0.999324441 0.034750983 0.735537827 0.994943082 0.015366035 -0.099258162 0.319084197
-0.100135900 0.036170568 -0.994316041 -71.129402161 -0.011910672 0.999223828 0.037548598 0.729959726 0.994902372 0.015602935 -0.099627368 0.219682679
-0.100647964 0.035954084 -0.994272232 -72.114479065 -0.011245167 0.999241889 0.037272118 0.743541658 0.994858503 0.014932119 -0.100167356 0.116365328
-0.101152822 0.034003053 -0.994289637 -73.064468384 -0.010346978 0.999325752 0.035227913 0.752061367 0.994817138 0.013851296 -0.100732803 0.019108275
-0.101933338 0.031039838 -0.994306803 -74.006340027 -0.010889044 0.999418318 0.032315720 0.754057288 0.994731665 0.014121100 -0.101536050 -0.055981118
-0.101249099 0.027455902 -0.994482160 -74.775215149 -0.011456811 0.999520600 0.028761432 0.787251174 0.994795084 0.014305659 -0.100886010 -0.157524750
-0.100294665 0.025343902 -0.994634926 -75.701179504 -0.012000183 0.999572039 0.026679747 0.791406095 0.994885325 0.014611639 -0.099947609 -0.248898089
-0.098018378 0.024477081 -0.994883597 -76.586036682 -0.014309540 0.999559462 0.026001932 0.798183024 0.995081663 0.016784994 -0.097624943 -0.339968204
-0.093270525 0.025875682 -0.995304525 -77.349426270 -0.014837766 0.999515057 0.027375601 0.792666256 0.995530248 0.017321432 -0.092841357 -0.435808659
-0.087661192 0.026951009 -0.995785713 -78.198081970 -0.014381716 0.999495387 0.028317472 0.807818353 0.996046484 0.016803451 -0.087229371 -0.508459568
-0.080765575 0.028269654 -0.996332169 -79.029472351 -0.013142604 0.999480605 0.029424366 0.809334040 0.996646464 0.015470875 -0.080352075 -0.564984798
-0.071794398 0.029752990 -0.996975660 -79.836029053 -0.014282900 0.999421775 0.030854536 0.813903391 0.997317076 0.016454889 -0.071327940 -0.628572226
-0.060221616 0.031833567 -0.997677267 -80.501358032 -0.016504893 0.999322891 0.032882348 0.814658999 0.998048604 0.018446788 -0.059655443 -0.661530435
-0.045122098 0.033272121 -0.998427272 -81.271163940 -0.019526199 0.999224842 0.034181163 0.827023387 0.998790622 0.021037815 -0.044437446 -0.703809202
-0.026950926 0.034580976 -0.999038398 -81.936264038 -0.021179590 0.999157369 0.035156451 0.834168851 0.999412358 0.022106724 -0.026195804 -0.711245775
-0.004878838 0.035624035 -0.999353349 -82.653961182 -0.022029340 0.999118924 0.035723221 0.837893963 0.999745369 0.022189384 -0.004089769 -0.700767696
0.020572908 0.035929903 -0.999142528 -83.275085449 -0.021421650 0.999140441 0.035488743 0.846326113 0.999558866 0.020673176 0.021324903 -0.670004189
0.050023049 0.034914810 -0.998137593 -83.923484802 -0.019681625 0.999229133 0.033966620 0.863707840 0.998554111 0.017945860 0.050671663 -0.615378857
0.084035613 0.035448514 -0.995832026 -84.498947144 -0.018895091 0.999244034 0.033975456 0.861025274 0.996283591 0.015961191 0.084641881 -0.541266739
0.121755987 0.035892554 -0.991910875 -85.095031738 -0.018668773 0.999252021 0.033866614 0.865254343 0.992384553 0.014394295 0.122334979 -0.436336756
0.162456110 0.035605643 -0.986073136 -85.619499207 -0.017920235 0.999290287 0.033130527 0.869318247 0.986553073 0.012288403 0.162978888 -0.324311733
0.207985982 0.036699630 -0.977443039 -86.169204712 -0.017105790 0.999279499 0.033879638 0.875074327 0.977982283 0.009673445 0.208463907 -0.182107866
0.255987763 0.035604034 -0.966024041 -86.682868958 -0.013906354 0.999353707 0.033147380 0.871901691 0.966579974 0.004948549 0.256317407 0.001719248
0.306561470 0.031159937 -0.951340675 -87.199493408 -0.006585018 0.999509573 0.030615676 0.866682291 0.951828122 -0.003120991 0.306616306 0.209698632
0.357995331 0.025823101 -0.933366239 -87.596000671 -0.000875435 0.999626338 0.027320519 0.866664350 0.933723032 -0.008963516 0.357884109 0.408107460
0.410258591 0.021242337 -0.911721826 -88.075843811 0.003980185 0.999677420 0.025082637 0.874775231 0.911960661 -0.013919189 0.410041720 0.676836133
0.460757196 0.020851957 -0.887281239 -88.472801208 0.004144609 0.999662519 0.025645282 0.878802836 0.887516558 -0.015493683 0.460515261 0.939142346
0.509581745 0.019475102 -0.860201836 -88.943191528 0.005307575 0.999653697 0.025776505 0.892938554 0.860405922 -0.017700821 0.509301841 1.250720382
0.553997874 0.015446981 -0.832374752 -89.341133118 0.012650035 0.999556184 0.026968887 0.897021115 0.832421958 -0.025470275 0.553556621 1.593238831
0.597787917 0.008695122 -0.801607072 -89.742446899 0.023110360 0.999338686 0.028074181 0.903994262 0.801321149 -0.035307836 0.597191632 1.971531153
0.640559137 0.003844257 -0.767899215 -90.133392334 0.024416083 0.999379933 0.025370281 0.906192362 0.767520547 -0.035000253 0.640068054 2.349055767
0.681175232 -0.000713986 -0.732120156 -90.445251465 0.021305921 0.999595344 0.018848497 0.908219457 0.731810272 -0.028437620 0.680914700 2.710133553
0.721548617 -0.008021669 -0.692317307 -90.789848328 0.018015536 0.999811888 0.007191678 0.917941451 0.692129254 -0.017661609 0.721557319 3.130622625
0.760653019 -0.009536436 -0.649088621 -91.064849854 0.012622022 0.999920368 0.000100607 0.908694386 0.649035931 -0.008269337 0.760712802 3.534961939
0.797486246 -0.009868249 -0.603256464 -91.362266541 0.010760256 0.999939919 -0.002132592 0.894633770 0.603241146 -0.004790479 0.797544420 4.013806343
0.832413554 -0.011468764 -0.554036200 -91.729255676 0.010874317 0.999931335 -0.004360816 0.904690087 0.554048300 -0.002394763 0.832481146 4.570249557
0.863212466 -0.010424604 -0.504733026 -92.022651672 0.008292376 0.999944687 -0.006470636 0.902665317 0.504772604 0.001400097 0.863251269 5.142488003
0.889462173 -0.008709745 -0.456925839 -92.286674500 0.007221044 0.999961436 -0.005004233 0.887148142 0.456951737 0.001151594 0.889490843 5.718658447
0.910716176 -0.002973822 -0.413021952 -92.540794373 0.001333312 0.999990046 -0.004260123 0.885363519 0.413030505 0.003329075 0.910711110 6.344291687
0.928742230 0.002555098 -0.370717615 -92.799789429 -0.004917845 0.999973118 -0.005428333 0.868181646 0.370693803 0.006864653 0.928729773 6.989552975
0.942444861 0.007083155 -0.334286630 -93.044380188 -0.009099867 0.999948502 -0.004467216 0.869312406 0.334237814 0.007252068 0.942460895 7.694588184
0.952696681 0.008069093 -0.303815663 -93.255691528 -0.009127988 0.999956191 -0.002065279 0.850514889 0.303785712 0.004740809 0.952728570 8.395975113
0.960096419 0.007064148 -0.279580027 -93.463912964 -0.007705566 0.999969542 -0.001195195 0.850588024 0.279563040 0.003301824 0.960121632 9.145782471
0.966024160 0.007421304 -0.258344859 -93.655029297 -0.007366898 0.999972224 0.001178644 0.839405298 0.258346468 0.000764602 0.966051996 9.916578293
0.970951438 0.010520833 -0.239045084 -93.882881165 -0.009834188 0.999943376 0.004065005 0.827772856 0.239074349 -0.001596108 0.970999956 10.722478867
0.974322736 0.015342328 -0.224632651 -94.045112610 -0.014525667 0.999880552 0.005287782 0.829511583 0.224686891 -0.001889068 0.974429309 11.535728455
0.977468014 0.019089827 -0.210218832 -94.260658264 -0.018104730 0.999814212 0.006609736 0.827910602 0.210305989 -0.002654850 0.977631986 12.369113922
0.979971766 0.017503863 -0.198365748 -94.391365051 -0.016582979 0.999842584 0.006302798 0.816487193 0.198444858 -0.002887069 0.980107784 13.221252441
0.982660115 0.017404962 -0.184597701 -94.558013916 -0.016585011 0.999844491 0.005985065 0.809906542 0.184673190 -0.002819729 0.982795894 14.107366562
0.985231042 0.018033870 -0.170277864 -94.699111938 -0.017193260 0.999831676 0.006410136 0.811093807 0.170364797 -0.003387834 0.985375226 14.993488312
0.987576783 0.018972671 -0.155987412 -94.849594116 -0.018128257 0.999812365 0.006834299 0.813581705 0.156087786 -0.003921616 0.987735450 15.921392441
0.989464223 0.019728212 -0.143426612 -94.983512878 -0.019333558 0.999804497 0.004144881 0.795964718 0.143480331 -0.001328265 0.989652276 16.856773376
0.990979493 0.019786259 -0.132544801 -95.106788635 -0.020115238 0.999797106 -0.001143379 0.787430346 0.132495269 0.003799236 0.991176307 17.809329987
0.992257237 0.018681291 -0.122786731 -95.230514526 -0.019750901 0.999776721 -0.007499597 0.778399885 0.122619227 0.009866677 0.992404759 18.770378113
0.993174136 0.018878080 -0.115102738 -95.340431213 -0.019904589 0.999771595 -0.007775254 0.764115810 0.114929661 0.010013253 0.993323207 19.757326126
0.993948579 0.020733368 -0.107871674 -95.466743469 -0.021020239 0.999777973 -0.001522893 0.751519740 0.107816145 0.003781166 0.994163632 20.757856369
0.994429648 0.025468508 -0.102278985 -95.595886230 -0.024949230 0.999668539 0.006353318 0.730632365 0.102406904 -0.003766146 0.994735420 21.794513702
0.994816780 0.025964860 -0.098312765 -95.694473267 -0.025094621 0.999634266 0.010078196 0.727014840 0.098538496 -0.007558838 0.995104551 22.757080078
0.995194614 0.025180882 -0.094623670 -95.808563232 -0.024401115 0.999658167 0.009388998 0.710806191 0.094827764 -0.007034956 0.995468915 23.784934998
0.995468140 0.024642838 -0.091847062 -95.884231567 -0.023990393 0.999678493 0.008201092 0.708064079 0.092019632 -0.005960480 0.995739281 24.718339920
0.995732307 0.023487085 -0.089249827 -95.984710693 -0.022653036 0.999689817 0.010346755 0.701184571 0.089465171 -0.008280818 0.995955467 25.753477097
0.995984435 0.021770578 -0.086839125 -96.051567078 -0.020715550 0.999700487 0.013032036 0.686453581 0.087096810 -0.011180785 0.996137142 26.689512253
0.996266782 0.019152740 -0.084176205 -96.137840271 -0.017981097 0.999730945 0.014655164 0.685077429 0.084434234 -0.013086870 0.996343136 27.726634979
0.996545494 0.018447625 -0.080973782 -96.218841553 -0.017643228 0.999787748 0.010638418 0.684297085 0.081152849 -0.009173031 0.996659458 28.612087250
0.996624589 0.021602061 -0.079200603 -96.309356689 -0.021402735 0.999765277 0.003364864 0.675866067 0.079254702 -0.001658397 0.996853054 29.624851227
0.996729910 0.022019602 -0.077746809 -96.385169983 -0.022412423 0.999740064 -0.004183545 0.657467246 0.077634491 0.005912360 0.996964395 30.535013199
0.996796072 0.022579154 -0.076731794 -96.456703186 -0.023288224 0.999693811 -0.008358559 0.642558396 0.076519571 0.010118727 0.997016728 31.510387421
0.996947408 0.024163516 -0.074242219 -96.547813416 -0.024717933 0.999672949 -0.006557834 0.623414218 0.074059494 0.008372931 0.997218609 32.474735260
0.997050822 0.027777845 -0.071540199 -96.638717651 -0.028022442 0.999604404 -0.002417449 0.600618303 0.071444750 0.004415052 0.997434735 33.470058441
0.997120023 0.030488128 -0.069440700 -96.705703735 -0.030386437 0.999535024 0.002520520 0.582901895 0.069485262 -0.000403205 0.997582853 34.398567200
0.997323632 0.028416930 -0.067364275 -96.763565063 -0.028187666 0.999593198 0.004351644 0.566199303 0.067460530 -0.002441157 0.997718871 35.382236481
0.997498393 0.025603261 -0.065888703 -96.833374023 -0.025378063 0.999668837 0.004252671 0.554376662 0.065975770 -0.002569906 0.997817993 36.297267914
0.997669935 0.023741437 -0.063961349 -96.913436890 -0.023543101 0.999715388 0.003852905 0.542120576 0.064034618 -0.002338079 0.997945011 37.280704498
0.997703552 0.023090122 -0.063674308 -96.958297729 -0.022990581 0.999733031 0.002295573 0.529364526 0.063710317 -0.000826392 0.997968137 38.187274933
0.997773051 0.020841029 -0.063361891 -97.015541077 -0.020829722 0.999782681 0.000839071 0.519927800 0.063365608 0.000482608 0.997990370 39.162494659
0.997850657 0.020388879 -0.062276695 -97.079452515 -0.020354511 0.999792099 0.001186284 0.502360523 0.062287945 0.000083878 0.998058140 40.099689484
0.997816801 0.023803875 -0.061602611 -97.139854431 -0.023716509 0.999716461 0.002149101 0.491553336 0.061636306 -0.000683411 0.998098433 41.103683472
0.997836649 0.023499984 -0.061398469 -97.213691711 -0.023457499 0.999723852 0.001412791 0.476435870 0.061414711 0.000030520 0.998112321 42.031455994
0.997739851 0.022823753 -0.063200392 -97.269905090 -0.022770524 0.999739468 0.001562452 0.456253350 0.063219599 -0.000119815 0.997999668 43.039955139
0.997665346 0.020962032 -0.064994916 -97.343315125 -0.020883560 0.999780178 0.001886581 0.450880647 0.065020166 -0.000524852 0.997883797 43.979080200
0.997406304 0.022530682 -0.068359204 -97.410758972 -0.022454221 0.999746084 0.001886817 0.434940845 0.068384364 -0.000346971 0.997658908 44.999340057
0.997122228 0.026478840 -0.071034916 -97.501655579 -0.026431378 0.999649286 0.001608157 0.424462944 0.071052603 0.000274022 0.997472525 45.950027466
0.996945322 0.026498886 -0.073469356 -97.589179993 -0.026799453 0.999636054 -0.003108145 0.404204249 0.073360257 0.005067589 0.997292578 46.987319946
0.996689498 0.028249634 -0.076236613 -97.668983459 -0.028836487 0.999562263 -0.006607797 0.393615395 0.076016568 0.008784318 0.997067988 47.941753387
0.996574998 0.027013624 -0.078157350 -97.757965088 -0.027729593 0.999582767 -0.008089699 0.374820709 0.077906199 0.010229263 0.996908247 48.983802795
0.996422529 0.027981570 -0.079744719 -97.856613159 -0.028645718 0.999563694 -0.007196364 0.369454533 0.079508573 0.009454966 0.996789336 49.944526672
0.996317863 0.026307615 -0.081601471 -97.946121216 -0.026933521 0.999615550 -0.006578879 0.352265745 0.081397019 0.008752470 0.996643305 50.991962433
0.996136963 0.025544951 -0.084015794 -98.015243530 -0.026021771 0.999650836 -0.004585031 0.332972795 0.083869331 0.006753559 0.996453881 51.971004486
0.996012151 0.025992611 -0.085347883 -98.105873108 -0.026190994 0.999656200 -0.001205339 0.321770459 0.085287213 0.003435878 0.996350467 53.062519073
0.995984554 0.024276450 -0.086169973 -98.204101562 -0.024032313 0.999703705 0.003869592 0.304553777 0.086238369 -0.001783190 0.996272981 54.080986023
0.996095181 0.024168018 -0.084912799 -98.312126160 -0.023730211 0.999699414 0.006161680 0.289174944 0.085036181 -0.004122622 0.996369421 55.189956665
0.996128023 0.027185753 -0.083604798 -98.400299072 -0.026763286 0.999622822 0.006169925 0.276933610 0.083740994 -0.003908496 0.996479869 56.285755157
0.996298909 0.026954042 -0.081621073 -98.496917725 -0.026637787 0.999632776 0.004961273 0.271325499 0.081724837 -0.002768705 0.996651113 57.273799896
0.996481061 0.024926683 -0.080025472 -98.591796875 -0.024828842 0.999689221 0.002217568 0.275650084 0.080055878 -0.000222825 0.996790409 58.405933380
0.996727169 0.021084519 -0.078041054 -98.677787781 -0.021101631 0.999777138 0.000605385 0.246883258 0.078036435 0.001043391 0.996950030 59.472663879
0.996882737 0.019447982 -0.076462597 -98.759513855 -0.019464796 0.999810517 0.000525383 0.235955805 0.076458313 0.000964584 0.997072458 60.521800995
0.996991932 0.017009197 -0.075615913 -98.840690613 -0.016849466 0.999854267 0.002749916 0.231034145 0.075651668 -0.001467556 0.997133315 61.622341156
0.997089803 0.014603246 -0.074825510 -98.920074463 -0.014209525 0.999882281 0.005791555 0.203474343 0.074901290 -0.004711464 0.997179747 62.698604584
0.997224271 0.013910190 -0.073146276 -99.026115417 -0.013472008 0.999888241 0.006480496 0.182303980 0.073228240 -0.005477080 0.997300208 63.763801575
0.997218907 0.015778812 -0.072839074 -99.090950012 -0.015616775 0.999874175 0.002793575 0.171847656 0.072873987 -0.001648294 0.997339785 64.859901428
0.997214615 0.017699325 -0.072455935 -99.174949646 -0.017973149 0.999833584 -0.003128860 0.160593539 0.072388493 0.004422407 0.997366667 65.915107727
0.997292995 0.020262342 -0.070684485 -99.273139954 -0.020935602 0.999742150 -0.008797031 0.141511828 0.070488013 0.010253037 0.997459888 66.992904663
0.997209609 0.024334200 -0.070574008 -99.349037170 -0.025394306 0.999577165 -0.014163053 0.111327104 0.070199504 0.015915709 0.997405946 68.013465881
0.997262299 0.024231130 -0.069861896 -99.426170349 -0.025309196 0.999573231 -0.014587673 0.075442165 0.069478609 0.016315883 0.997449994 69.087005615
0.997365654 0.021280870 -0.069346011 -99.505790710 -0.021954911 0.999718726 -0.008972244 0.059352558 0.069135562 0.010471093 0.997552335 70.143547058
0.997361839 0.019946586 -0.069797456 -99.586105347 -0.020000219 0.999799967 -0.000069606 0.031625766 0.069782108 0.001465387 0.997561097 71.188919067
0.997302651 0.019836977 -0.070667714 -99.664474487 -0.019343426 0.999783576 0.007661683 0.002155439 0.070804410 -0.006274061 0.997470438 72.233650208
0.997169137 0.016790664 -0.073292710 -99.744483948 -0.016440490 0.999850333 0.005378460 -0.003827962 0.073372044 -0.004158266 0.997295916 73.275703430
0.997052670 0.012533436 -0.075689480 -99.808395386 -0.012426231 0.999920964 0.001887153 -0.020366298 0.075707160 -0.000941056 0.997129619 74.302490234
0.996851623 0.010736828 -0.078560248 -99.883323669 -0.010714605 0.999942303 0.000704416 -0.043769062 0.078563280 0.000139543 0.996909142 75.338638306
0.996671855 0.013054851 -0.080465898 -99.997108459 -0.013241325 0.999910712 -0.001784227 -0.057702281 0.080435403 0.002843764 0.996755779 76.325317383
0.996376991 0.015071142 -0.083699904 -100.093330383 -0.015576042 0.999864280 -0.005382512 -0.075948857 0.083607398 0.006666724 0.996476591 77.348365784
0.996022761 0.015034302 -0.087821595 -100.187728882 -0.015842134 0.999838293 -0.008508774 -0.103667669 0.087679461 0.009866213 0.996099830 78.351760864
0.995709479 0.017522732 -0.090860553 -100.292045593 -0.018716032 0.999749184 -0.012297926 -0.127631396 0.090622261 0.013945710 0.995787680 79.330039978
0.995334327 0.021986857 -0.093947440 -100.402816772 -0.023232481 0.999655783 -0.012185497 -0.158061355 0.093647189 0.014311277 0.995502532 80.329086304
0.994918406 0.025500912 -0.097401492 -100.518035889 -0.026638282 0.999591053 -0.010394476 -0.180199444 0.097096607 0.012936263 0.995190859 81.312370300
0.994415045 0.028832812 -0.101525739 -100.628570557 -0.029417809 0.999558032 -0.004269245 -0.208872005 0.101357780 0.007232063 0.994823813 82.304580688
0.994025052 0.029346155 -0.105133131 -100.745346069 -0.029389123 0.999567330 0.001140770 -0.228770688 0.105121128 0.001955817 0.994457483 83.299079895
0.993496180 0.028318897 -0.110287026 -100.863426208 -0.027917109 0.999596775 0.005185836 -0.249489293 0.110389426 -0.002073214 0.993886173 84.285896301
0.992755294 0.028364874 -0.116757289 -100.977287292 -0.027914984 0.999595284 0.005486950 -0.252399266 0.116865657 -0.002187921 0.993145287 85.266960144
0.992126822 0.026042212 -0.122499824 -101.100860596 -0.025046133 0.999639630 0.009664373 -0.267783105 0.122707352 -0.006520135 0.992421448 86.249702454
0.991316497 0.027247142 -0.128643483 -101.245063782 -0.026283653 0.999612331 0.009181679 -0.279300839 0.128843784 -0.005720731 0.991648376 87.198875427
0.990389943 0.030721860 -0.134847701 -101.387504578 -0.029831966 0.999517739 0.008615375 -0.291897506 0.135047331 -0.004509810 0.990828812 88.168983459
0.989519775 0.033546336 -0.140446648 -101.543403625 -0.033183582 0.999437153 0.004924553 -0.301972032 0.140532777 -0.000212420 0.990076005 89.102088928
0.988632202 0.032212056 -0.146863446 -101.682678223 -0.032277964 0.999477029 0.001934994 -0.317006350 0.146848977 0.002827456 0.989154875 90.067718506
0.987787962 0.033985712 -0.152052283 -101.839057922 -0.034229733 0.999413490 0.001013179 -0.332487494 0.151997536 0.004203903 0.988371909 90.984794617
0.987019956 0.036496248 -0.156395718 -102.003570557 -0.036033306 0.999333739 0.005795160 -0.335316896 0.156503022 -0.000084484 0.987677455 91.936813354
0.986028790 0.036697600 -0.162482306 -102.172920227 -0.035538834 0.999317825 0.010033451 -0.343799144 0.162739679 -0.004118840 0.986660480 92.877571106
0.984976292 0.036276698 -0.168836534 -102.339378357 -0.034614526 0.999319017 0.012778654 -0.371431768 0.169185117 -0.006742475 0.985561252 93.815948486
0.983846605 0.034256987 -0.175705120 -102.511688232 -0.033233553 0.999409139 0.008764802 -0.371921688 0.175901562 -0.002783914 0.984403789 94.734687805
0.982385278 0.031251058 -0.184235036 -102.694305420 -0.031517982 0.999502063 0.001480158 -0.374220312 0.184189543 0.004352631 0.982881129 95.652702332
0.980737090 0.029063728 -0.193158150 -102.875473022 -0.029616021 0.999561369 0.000028212 -0.389632106 0.193074241 0.005692907 0.981167614 96.555564880
0.978565633 0.028912814 -0.203895569 -103.062393188 -0.028875228 0.999578118 0.003160004 -0.406942457 0.203900889 0.002795259 0.978987575 97.456085205
0.976158917 0.028939977 -0.215119794 -103.273094177 -0.027615512 0.999576628 0.009160499 -0.412637323 0.215293825 -0.003001458 0.976544678 98.377876282
0.973397195 0.030375898 -0.227101728 -103.488334656 -0.027237959 0.999485493 0.016939156 -0.415018439 0.227499425 -0.010302739 0.973723650 99.268127441
0.970700681 0.031810276 -0.238176852 -103.722084045 -0.027734865 0.999406219 0.020443371 -0.420711935 0.238685742 -0.013238593 0.971006572 100.184494019
0.967750490 0.035140194 -0.249447361 -103.966606140 -0.032126028 0.999353349 0.016145667 -0.428866446 0.249853432 -0.007611226 0.968253672 101.054916382
0.964434922 0.034194659 -0.262099236 -104.213165283 -0.033589516 0.999412596 0.006790082 -0.428520948 0.262177467 0.002255196 0.965017080 101.945404053
0.961163521 0.032208849 -0.274093539 -104.470916748 -0.032939229 0.999455512 0.001938490 -0.425054252 0.274006724 0.007165224 0.961701095 102.787628174
0.957777977 0.030719163 -0.285863280 -104.749427795 -0.029988095 0.999526262 0.006935761 -0.429929703 0.285940886 0.001929576 0.958245218 103.676910400
0.954133630 0.031884190 -0.297678143 -105.017173767 -0.028896470 0.999478221 0.014433220 -0.435142636 0.297983021 -0.005169373 0.954557180 104.549499512
0.950502038 0.032573901 -0.309006006 -105.326225281 -0.027632797 0.999410927 0.020354554 -0.443859875 0.309487015 -0.010808345 0.950842321 105.421241760
0.946354210 0.029768594 -0.321756959 -105.627006531 -0.025174038 0.999513149 0.018431742 -0.440690190 0.322148979 -0.009343035 0.946642876 106.301574707
0.942329645 0.027372194 -0.333564788 -105.923171997 -0.024150085 0.999613047 0.013803190 -0.438537657 0.333813548 -0.004951539 0.942626119 107.136482239
0.939343274 0.023626227 -0.342163831 -106.252693176 -0.022562470 0.999720275 0.007089348 -0.446307689 0.342235595 0.001060728 0.939613640 107.990028381
0.936437249 0.019483646 -0.350293815 -106.572021484 -0.020260394 0.999793649 0.001447469 -0.454916447 0.350249708 0.005741628 0.936638713 108.858123779
0.933620393 0.019180916 -0.357749909 -106.889663696 -0.020871989 0.999781787 -0.000865926 -0.459785491 0.357655257 0.008275398 0.933816969 109.694602966
0.930550635 0.024752557 -0.365325749 -107.253463745 -0.026959961 0.999636054 -0.000941775 -0.471016526 0.365169466 0.010725536 0.930879295 110.546943665
0.927533448 0.024546746 -0.372933209 -107.637725830 -0.025846303 0.999664724 0.001515573 -0.485555947 0.372845381 0.008233201 0.927856922 111.440879822
0.924135864 0.025314143 -0.381224453 -107.948829651 -0.024030255 0.999678314 0.008128480 -0.492786825 0.381307542 0.001649100 0.924446821 112.256736755
0.921359599 0.027185906 -0.387759626 -108.321182251 -0.022556258 0.999609649 0.016486686 -0.494720668 0.388056487 -0.006443759 0.921613097 113.115867615
0.918766201 0.038272291 -0.392942518 -108.732429504 -0.031557374 0.999224782 0.023537211 -0.513723910 0.393538684 -0.009224962 0.919261813 113.997863770
0.915886700 0.044304900 -0.398984522 -109.100875854 -0.039411202 0.999013484 0.020464459 -0.504811943 0.399497569 -0.003018666 0.916729212 114.794433594
0.913383365 0.040594101 -0.405071527 -109.484535217 -0.038656414 0.999168396 0.012966152 -0.504063845 0.405261010 0.003815545 0.914193094 115.652023315
0.911387622 0.032736123 -0.410245001 -109.863212585 -0.033580691 0.999422729 0.005148614 -0.500299573 0.410176694 0.009083929 0.911960840 116.505844116
0.909679294 0.033670839 -0.413944304 -110.224014282 -0.034826472 0.999382079 0.004756964 -0.506251454 0.413848728 0.010088904 0.910289764 117.279121399
0.907463551 0.040035721 -0.418218970 -110.641990662 -0.039374527 0.999172390 0.010213880 -0.516458809 0.418281764 0.007198448 0.908288777 118.140815735
0.904832006 0.042883512 -0.423603773 -111.054061890 -0.040577598 0.999071717 0.014465867 -0.521210253 0.423830807 0.004099639 0.905732155 119.002754211
0.902641177 0.039124776 -0.428611845 -111.426132202 -0.037373628 0.999223113 0.012504110 -0.526173592 0.428768039 0.004732049 0.903402150 119.782867432
0.900361836 0.037392434 -0.433532447 -111.846496582 -0.038472045 0.999239922 0.006286153 -0.534493268 0.433437914 0.011019067 0.901116073 120.630378723
