1.000000000 0.000000000 0.000000000 0.000000000 0.000000000 0.999961495 0.000000000 -0.000065506 0.000000000 0.000000000 0.999961495 0.000000001
0.999995887 0.002862443 0.000112191 -0.008340996 -0.002862559 0.999975443 0.001559285 -0.015630683 -0.000107725 -0.001559600 0.999979556 0.766227543
0.999985099 0.005428060 0.000586616 -0.017225508 -0.005429097 0.999964058 0.001961769 -0.032892786 -0.000575946 -0.001964925 0.999978602 1.525236011
0.999977350 0.006610399 0.001286206 -0.027191482 -0.006612626 0.999976635 0.001736161 -0.047901195 -0.001274699 -0.001744627 0.999997675 2.252845764
0.999961078 0.008705416 0.001439007 -0.032075390 -0.008707239 0.999961197 0.001265109 -0.059532516 -0.001427939 -0.001277589 0.999998093 2.997417212
0.999960661 0.008701790 0.001704978 -0.030233264 -0.008703663 0.999961495 0.001094249 -0.074073829 -0.001695390 -0.001109046 0.999998033 3.709513187
0.999958575 0.008848464 0.002127019 -0.032448906 -0.008852829 0.999958754 0.002052648 -0.088009842 -0.002108769 -0.002071394 0.999995589 4.404497623
0.999947906 0.009718364 0.003117200 -0.045214444 -0.009733822 0.999940157 0.004983028 -0.102439106 -0.003068587 -0.005013111 0.999982715 5.078946590
0.999946058 0.009447309 0.004321199 -0.037137285 -0.009485929 0.999914467 0.009006305 -0.112648629 -0.004235744 -0.009046808 0.999950111 5.728570461
0.999946237 0.008632587 0.005743867 -0.037600040 -0.008702626 0.999886692 0.012282500 -0.117472284 -0.005637185 -0.012331824 0.999908090 6.355493069
0.999947131 0.007746473 0.006774680 -0.035560511 -0.007845314 0.999861300 0.014686877 -0.128484502 -0.006659970 -0.014739250 0.999869227 6.958314419
0.999932766 0.008387689 0.008008653 -0.035874669 -0.008502980 0.999859095 0.014471997 -0.137118295 -0.007886138 -0.014539121 0.999863148 7.537441730
0.999916434 0.009195969 0.009087157 -0.032062046 -0.009304683 0.999884725 0.011994440 -0.146282703 -0.008975812 -0.012077991 0.999886692 8.088225365
0.999908388 0.009239424 0.009893184 -0.026384177 -0.009328660 0.999915898 0.009012135 -0.149237439 -0.009809084 -0.009103599 0.999910414 8.610888481
0.999905884 0.007455482 0.011516272 -0.016999671 -0.007545206 0.999941349 0.007767357 -0.160599366 -0.011457685 -0.007853518 0.999903500 9.109150887
0.999902368 0.003461354 0.013536396 -0.013908366 -0.003535480 0.999978840 0.005456023 -0.169271603 -0.013517223 -0.005503349 0.999893427 9.568943977
0.999880433 0.001692375 0.015366388 -0.004454997 -0.001757620 0.999989450 0.004233406 -0.173871368 -0.015359059 -0.004259907 0.999872863 10.013481140
0.999834120 0.005986893 0.017200325 -0.001890497 -0.006023344 0.999979675 0.002068150 -0.183980823 -0.017187594 -0.002171410 0.999849796 10.417271614
0.999736190 0.010477290 0.020438354 -0.000043839 -0.010514310 0.999943256 0.001704733 -0.197733283 -0.020419329 -0.001919178 0.999789655 10.796555519
0.999662757 0.010846407 0.023596283 0.010829597 -0.010912744 0.999936819 0.002684376 -0.201183438 -0.023565672 -0.002940971 0.999718010 11.150081635
0.999610484 0.006898970 0.027046172 0.023063606 -0.006984337 0.999970913 0.003063127 -0.206090286 -0.027024258 -0.003250833 0.999629498 11.467346191
0.999571621 0.001756450 0.029213212 0.047488917 -0.001832042 0.999995053 0.002561051 -0.209534854 -0.029208571 -0.002613474 0.999569952 11.753694534
0.999493837 -0.001241287 0.031792074 0.055222042 0.001114039 0.999991238 0.004019932 -0.213351458 -0.031796802 -0.003982480 0.999486446 12.008853912
0.999402165 -0.001637557 0.034535825 0.065342851 0.001466164 0.999986410 0.004987509 -0.218111768 -0.034543537 -0.004933891 0.999391019 12.241227150
0.999328434 -0.001087509 0.036625214 0.073293217 0.000930001 0.999990225 0.004317294 -0.227283120 -0.036629558 -0.004280333 0.999319673 12.442685127
0.999239087 0.000195543 0.039004561 0.075169712 -0.000319486 0.999994874 0.003171451 -0.233970299 -0.039003748 -0.003181499 0.999233961 12.622099876
0.999134064 0.002245519 0.041544702 0.081864968 -0.002328754 0.999995351 0.001955239 -0.234673962 -0.041540120 -0.002050293 0.999134660 12.791341782
0.999055982 0.005167284 0.043133896 0.086746976 -0.005235489 0.999985278 0.001468409 -0.242345065 -0.043125674 -0.001692849 0.999068201 12.955466270
0.998990715 0.006326486 0.044467848 0.091988757 -0.006349204 0.999979734 0.000369676 -0.251503915 -0.044464607 -0.000651638 0.999010682 13.104841232
0.998902559 0.005367831 0.046526875 0.102561310 -0.005305549 0.999984801 -0.001462022 -0.256179303 -0.046534009 0.001213567 0.998915970 13.263176918
0.998845756 0.003788512 0.047882941 0.115935907 -0.003659496 0.999989390 -0.002781781 -0.260527372 -0.047892973 0.002603343 0.998849034 13.410497665
0.998783886 0.003492194 0.049177121 0.122294545 -0.003289449 0.999985754 -0.004203074 -0.256868035 -0.049191102 0.004036197 0.998781264 13.545819283
0.998710632 0.004225065 0.050587207 0.126735568 -0.003945970 0.999976397 -0.005615683 -0.260256529 -0.050609730 0.005408826 0.998703957 13.673386574
0.998631239 0.005215391 0.052042328 0.132148400 -0.004814741 0.999957800 -0.007820955 -0.260424644 -0.052080914 0.007559679 0.998614371 13.794713020
0.998578489 0.005173490 0.053051122 0.136693791 -0.004646443 0.999938726 -0.010053240 -0.264987051 -0.053099886 0.009792449 0.998541236 13.915653229
0.998575449 0.004074892 0.053200364 0.154903516 -0.003442950 0.999922454 -0.011964783 -0.272420764 -0.053244997 0.011764576 0.998512208 14.043852806
0.998614669 0.003392077 0.052508548 0.165152833 -0.002674209 0.999902070 -0.013735699 -0.280383199 -0.052549999 0.013576254 0.998526037 14.173589706
0.998718798 0.002501189 0.050541371 0.167630896 -0.001747172 0.999886632 -0.014957463 -0.281762004 -0.050573047 0.014849994 0.998610020 14.290754318
0.998865366 0.003344316 0.047504995 0.170843214 -0.002551597 0.999856651 -0.016737917 -0.271769851 -0.047554161 0.016597712 0.998730838 14.419079781
0.999037266 0.003363109 0.043741491 0.169290841 -0.002603750 0.999845028 -0.017405571 -0.281324953 -0.043793254 0.017274924 0.998891234 14.537497520
0.999271393 0.003469364 0.038009871 0.164959520 -0.002770724 0.999826431 -0.018417777 -0.285997361 -0.038067166 0.018299045 0.999107599 14.655870438
0.999504089 0.003570971 0.031285673 0.169572607 -0.002973428 0.999812782 -0.019125294 -0.287267506 -0.031348109 0.019022787 0.999327362 14.793011665
0.999704421 0.003854584 0.024001682 0.166436911 -0.003377234 0.999796331 -0.019897068 -0.290102988 -0.024073489 0.019810131 0.999513805 14.915161133
0.999871731 0.003140328 0.015700525 0.161049947 -0.002816252 0.999783456 -0.020620823 -0.298725575 -0.015761878 0.020573959 0.999664068 15.041763306
0.999976397 0.002742126 0.006304601 0.139138564 -0.002603978 0.999758601 -0.021816973 -0.302109003 -0.006362900 0.021800037 0.999742150 15.170782089
0.999974132 0.000513011 -0.007168896 0.142500281 -0.000682093 0.999721110 -0.023602897 -0.301319540 0.007154789 0.023607174 0.999695659 15.314095497
0.999725580 -0.000526097 -0.023420911 0.122022972 -0.000076048 0.999669671 -0.025701407 -0.303611845 0.023426693 0.025696130 0.999395311 15.469471931
0.999080300 0.000185328 -0.042878181 0.103166670 -0.001336315 0.999639452 -0.026816074 -0.304641038 0.042857755 0.026848711 0.998720288 15.632564545
0.997919083 0.000611175 -0.064475410 0.064698644 -0.002322152 0.999647021 -0.026465297 -0.308989197 0.064436473 0.026559947 0.997568309 15.809400558
0.996116042 0.001308521 -0.088040501 0.026620209 -0.003510005 0.999684930 -0.024855183 -0.319016039 0.087980226 0.025067668 0.995806754 16.010669708
0.993407905 0.002340285 -0.114609487 -0.026589312 -0.005042247 0.999715984 -0.023291143 -0.326263100 0.114522427 0.023715496 0.993137598 16.220602036
0.989451528 0.003909590 -0.144811407 -0.081810080 -0.007037881 0.999752581 -0.021096539 -0.335101634 0.144693092 0.021893170 0.989234328 16.438556671
0.983972192 0.003479450 -0.178287715 -0.148981735 -0.006758697 0.999818921 -0.017788950 -0.338919759 0.178193510 0.018708829 0.983817637 16.674726486
0.976723433 0.004195562 -0.214461431 -0.250275135 -0.007293931 0.999880075 -0.013657903 -0.346703231 0.214378446 0.014904261 0.976637006 16.927862167
0.966984272 0.005997340 -0.254765481 -0.336740345 -0.008406390 0.999929667 -0.008368201 -0.348659694 0.254697353 0.010233576 0.966966629 17.184289932
0.955154717 0.009722218 -0.295947403 -0.459878087 -0.011387765 0.999927580 -0.003904633 -0.350753516 0.295887977 0.007099709 0.955196261 17.452047348
0.940832973 0.013654181 -0.338595450 -0.579167426 -0.014135094 0.999899507 0.001045641 -0.359396160 0.338575691 0.003802305 0.940931439 17.707181931
0.924007237 0.016007122 -0.382039785 -0.719924331 -0.014442194 0.999871373 0.006963603 -0.367902040 0.382102132 -0.000916927 0.924119651 17.979818344
0.904920042 0.019359561 -0.425141007 -0.894767523 -0.014701136 0.999790609 0.014235636 -0.363726854 0.425327599 -0.006632058 0.905015111 18.260730743
0.882726431 0.023345293 -0.469306886 -1.068184257 -0.015712434 0.999673009 0.020174172 -0.355188251 0.469624400 -0.010434324 0.882804632 18.539216995
0.858231723 0.028091509 -0.512493134 -1.284490943 -0.017966457 0.999533415 0.024700861 -0.354042977 0.512947917 -0.011991376 0.858335972 18.808116913
0.830149055 0.031811196 -0.556633174 -1.511943340 -0.019261437 0.999411285 0.028389623 -0.356826812 0.557208717 -0.012846063 0.830273151 19.083351135
0.799683750 0.035650663 -0.599362016 -1.766710162 -0.021611743 0.999297917 0.030604325 -0.362472206 0.600032330 -0.011520525 0.799892783 19.344535828
0.765858233 0.037876740 -0.641892910 -2.044693232 -0.021756342 0.999218404 0.033003740 -0.345743358 0.642641306 -0.011310942 0.766083717 19.622386932
0.729241550 0.041823741 -0.682976961 -2.367518425 -0.023195313 0.999067605 0.036413755 -0.326577425 0.683863163 -0.010712563 0.729531705 19.908529282
0.690070331 0.042012505 -0.722521901 -2.694965363 -0.020140518 0.999041796 0.038855396 -0.309222221 0.723462045 -0.012260996 0.690255284 20.173009872
0.649816513 0.042199451 -0.758918822 -3.060648441 -0.017564386 0.999024749 0.040511142 -0.303497076 0.759888172 -0.012994862 0.649923921 20.433839798
0.607035458 0.040484127 -0.793642879 -3.451709032 -0.011616446 0.999046803 0.042076793 -0.287213951 0.794589818 -0.016322792 0.606927097 20.695447922
0.562185824 0.040689945 -0.826009333 -3.868257046 -0.007126108 0.998990119 0.044361074 -0.270259351 0.826980233 -0.019052934 0.561908066 20.954029083
0.515752494 0.041560028 -0.855729043 -4.317605495 -0.005496789 0.998962700 0.045203496 -0.240362525 0.856719971 -0.018610051 0.515445948 21.178907394
0.466614485 0.041398581 -0.883491397 -4.802829266 -0.004429952 0.999000847 0.044471450 -0.222221881 0.884449661 -0.016837195 0.466331691 21.388349533
0.414486498 0.040532485 -0.909152389 -5.302227974 0.001694174 0.998971581 0.045309249 -0.212189361 0.910053849 -0.020320337 0.413991600 21.585454941
0.360751480 0.039508257 -0.931824803 -5.847546577 0.006336871 0.998975515 0.044808652 -0.185915813 0.932640493 -0.022069640 0.360131472 21.762458801
0.307671010 0.038188599 -0.950726092 -6.411881924 0.008408630 0.999046147 0.042850677 -0.159376308 0.951455653 -0.021178214 0.307056397 21.902687073
0.254628450 0.044344839 -0.966021717 -7.019217968 0.009904242 0.998776078 0.048459020 -0.134573817 0.966988385 -0.021906754 0.253877550 22.021469116
0.203538671 0.049618699 -0.977808774 -7.647142887 0.012619595 0.998498976 0.053295493 -0.111083873 0.978985608 -0.023187244 0.202606991 22.116514206
0.154789627 0.050626229 -0.986649573 -8.301319122 0.018296972 0.998368084 0.054098025 -0.081832528 0.987777948 -0.026426515 0.153610691 22.201681137
0.110266760 0.052161463 -0.992532313 -8.987257957 0.020817203 0.998281598 0.054776330 -0.060326461 0.993683994 -0.026701754 0.108991422 22.255071640
0.069571301 0.050447244 -0.996300638 -9.695395470 0.021026053 0.998424470 0.052023023 -0.031169988 0.997355282 -0.024567582 0.068400986 22.281421661
0.033876855 0.046047058 -0.998364687 -10.427597046 0.018587362 0.998736262 0.046694912 0.008505724 0.999253154 -0.020138841 0.032978144 22.283016205
0.005312853 0.046014111 -0.998926759 -11.183940887 0.016281271 0.998804271 0.046095073 0.046037026 0.999853313 -0.016508695 0.004557332 22.262907028
-0.015787482 0.050226297 -0.998613060 -11.977283478 0.015121865 0.998635352 0.049988341 0.079316512 0.999760985 -0.014311702 -0.016525453 22.234003067
-0.028768919 0.056110401 -0.998009980 -12.800299644 0.016734250 0.998310387 0.055644896 0.116497651 0.999445975 -0.015100108 -0.029659277 22.203998566
-0.036826786 0.058881868 -0.997585416 -13.639912605 0.016348543 0.998164535 0.058312517 0.151166081 0.999187887 -0.014161606 -0.037721816 22.168855667
-0.040418107 0.056301780 -0.997595310 -14.475531578 0.017730376 0.998294473 0.055622876 0.185144514 0.999025524 -0.015439568 -0.041347418 22.131883621
-0.039833050 0.052071862 -0.997848749 -15.407980919 0.024958581 0.998381436 0.051103346 0.231523126 0.998894572 -0.022869289 -0.041068222 22.097267151
-0.034672998 0.050398950 -0.998127162 -16.294715881 0.036683146 0.998118758 0.049124226 0.271890283 0.998725295 -0.034911159 -0.036456563 22.058313370
-0.029846506 0.050556462 -0.998275101 -17.271110535 0.037170507 0.998085380 0.049435526 0.318087727 0.998863101 -0.035630915 -0.031668570 22.056989670
-0.023741227 0.049455978 -0.998494089 -18.209781647 0.034667950 0.998215616 0.048617885 0.344308794 0.999116778 -0.033461496 -0.025413405 22.007593155
-0.021391014 0.042813528 -0.998854160 -19.210485458 0.038946070 0.998359919 0.041958299 0.391103417 0.999012291 -0.038003910 -0.023023352 22.001031876
-0.018130159 0.032017890 -0.999322891 -20.176433563 0.036378730 0.998846352 0.031342633 0.427698106 0.999173641 -0.035785839 -0.019274013 21.952999115
-0.018358510 0.023831179 -0.999547362 -21.258214951 0.028887637 0.999311209 0.023294974 0.451661497 0.999414027 -0.028446898 -0.019034289 21.937578201
-0.019431826 0.020896880 -0.999592781 -22.280719757 0.023502816 0.999514818 0.020438360 0.472218990 0.999534845 -0.023096088 -0.019913532 21.898067474
-0.023177078 0.027041759 -0.999365509 -23.406906128 0.013854861 0.999546885 0.026725339 0.497816265 0.999635339 -0.013226656 -0.023541231 21.854007721
-0.027689328 0.034809638 -0.999010265 -24.491901398 0.008702835 0.999363959 0.034580749 0.529126823 0.999578655 -0.007736705 -0.027974660 21.800598145
-0.032391731 0.044588301 -0.998480201 -25.681047440 0.007555014 0.998986781 0.044365823 0.563939691 0.999446690 -0.006106446 -0.032695778 21.754198074
-0.033299599 0.054526068 -0.997956932 -26.795135498 0.006158653 0.998502910 0.054350395 0.606559753 0.999426425 -0.004336223 -0.033585556 21.700422287
-0.035143286 0.062326055 -0.997436941 -28.006448746 0.008009649 0.998038888 0.062081471 0.654878259 0.999350190 -0.005807372 -0.035573568 21.663457870
-0.035967220 0.062647119 -0.997387528 -29.151779175 0.008424081 0.998016715 0.062382869 0.719538033 0.999317467 -0.006158335 -0.036423631 21.608770370
-0.038336635 0.060324743 -0.997442484 -30.360633850 0.007920048 0.998163104 0.060063932 0.769758761 0.999233484 -0.005597143 -0.038743984 21.564750671
-0.040355869 0.055343732 -0.997651577 -31.519674301 0.007424291 0.998453915 0.055087931 0.825337648 0.999157786 -0.005183735 -0.040704358 21.492527008
-0.045690071 0.050329540 -0.997686982 -32.742633820 0.007640974 0.998718560 0.050031640 0.869287312 0.998926461 -0.005337352 -0.046016090 21.447767258
-0.050975971 0.045330811 -0.997670591 -33.909233093 0.007083220 0.998960614 0.045027513 0.917554140 0.998674810 -0.004771399 -0.051244080 21.365163803
-0.058286622 0.043758802 -0.997340322 -35.156978607 0.006973606 0.999032259 0.043425485 0.959357679 0.998275518 -0.004423934 -0.058535378 21.304714203
-0.064496674 0.045888335 -0.996862292 -36.352893829 0.006959437 0.998938560 0.045533635 1.003376603 0.997893751 -0.004000832 -0.064747572 21.219942093
-0.071152739 0.051125538 -0.996154368 -37.628555298 0.005789522 0.998689950 0.050842140 1.045071483 0.997448623 -0.002149700 -0.071355514 21.122550964
-0.076791160 0.054168329 -0.995574653 -38.851684570 0.002875951 0.998530984 0.054107353 1.091789126 0.997043073 0.001291742 -0.076834135 21.011867523
-0.082079947 0.056169540 -0.995041668 -40.122798920 -0.000061024 0.998410165 0.056364734 1.149303555 0.996625721 0.004687135 -0.081946045 20.903972626
-0.084131002 0.057428047 -0.994798481 -41.352779388 -0.005365290 0.998297274 0.058083776 1.202689648 0.996440172 0.010224027 -0.083679639 20.783470154
-0.086477906 0.058284912 -0.994547367 -42.607322693 -0.009054947 0.998199940 0.059286319 1.270226836 0.996212602 0.014132529 -0.085794471 20.674610138
-0.087577514 0.057728928 -0.994483531 -43.847953796 -0.010293669 0.998213589 0.058851950 1.332414031 0.996104538 0.015390993 -0.086826816 20.546419144
-0.089272253 0.057587076 -0.994341075 -45.106975555 -0.010660570 0.998214722 0.058768526 1.364878535 0.995950162 0.015846644 -0.088498980 20.433330536
-0.090119377 0.056876875 -0.994305551 -46.351596832 -0.011313876 0.998245060 0.058127668 1.424521685 0.995866656 0.016487880 -0.089317746 20.308197021
-0.090884194 0.055409677 -0.994318724 -47.622955322 -0.013950095 0.998282135 0.056905627 1.496717453 0.995763779 0.019042661 -0.089955099 20.182641983
-0.092131801 0.052955579 -0.994337678 -48.896133423 -0.018560598 0.998319983 0.054887421 1.551599026 0.995573819 0.023512378 -0.090994135 20.060859680
-0.092016973 0.047973897 -0.994601130 -50.162387848 -0.023850182 0.998445988 0.050365888 1.604515791 0.995471716 0.028355936 -0.090729795 19.924299240
-0.090858035 0.046875291 -0.994760036 -51.437294006 -0.025627207 0.998450756 0.049389903 1.662643552 0.995534003 0.029980391 -0.089515999 19.794801712
-0.089779079 0.051807005 -0.994613349 -52.775669098 -0.025647460 0.998194754 0.054308634 1.691928506 0.995631576 0.030385084 -0.088288285 19.679424286
-0.088140175 0.054490853 -0.994616449 -54.070613861 -0.026430361 0.998023152 0.057019673 1.759072185 0.995757341 0.031313799 -0.086525723 19.572536469
-0.086310342 0.054445390 -0.994779468 -55.376888275 -0.024204290 0.998096228 0.056726962 1.808390498 0.995974183 0.028974056 -0.084828228 19.436319351
-0.083319664 0.053481713 -0.995086670 -56.646457672 -0.023995623 0.998161614 0.055656161 1.860514283 0.996233940 0.028514979 -0.081883170 19.319467545
-0.078787521 0.053910170 -0.995432734 -57.927425385 -0.028324733 0.998012483 0.056291763 1.918632269 0.996488988 0.032630455 -0.077103935 19.187274933
-0.073911369 0.054540105 -0.995772302 -59.296115875 -0.033428192 0.997806787 0.057132762 1.995364904 0.996704400 0.037509635 -0.071926087 19.086339951
-0.067803867 0.053476881 -0.996264458 -60.596672058 -0.037645865 0.997714281 0.056116812 2.067240477 0.996988177 0.041310173 -0.065635696 18.980602264
-0.061683420 0.053285789 -0.996672332 -61.924831390 -0.038672484 0.997696400 0.055733953 2.115638018 0.997346342 0.041981656 -0.059480641 18.884496689
-0.056345914 0.051884905 -0.997062206 -63.247856140 -0.038613100 0.997788429 0.054104794 2.184292078 0.997664332 0.041548237 -0.054217860 18.803157806
-0.050236933 0.052267544 -0.997368634 -64.545204163 -0.037022520 0.997845829 0.054157354 2.225295544 0.998050809 0.039645802 -0.048193634 18.720829010
-0.045209527 0.051622819 -0.997642815 -65.909301758 -0.036224559 0.997922540 0.053278841 2.311074734 0.998320460 0.038547885 -0.043245580 18.654516220
-0.039307706 0.053342167 -0.997802377 -67.234764099 -0.035566073 0.997866631 0.054746699 2.365385532 0.998593986 0.037639875 -0.037326675 18.597925186
-0.033885326 0.054606777 -0.997932792 -68.589225769 -0.036015343 0.997790933 0.055821944 2.418558359 0.998776495 0.037832439 -0.031843796 18.535221100
-0.028300015 0.053203925 -0.998182535 -69.926269531 -0.035908241 0.997883856 0.054206062 2.487144232 0.998954237 0.037377007 -0.026329670 18.487287521
-0.023777360 0.049158283 -0.998507917 -71.280494690 -0.035834871 0.998106539 0.049991854 2.523830652 0.999074817 0.036970075 -0.021970754 18.450273514
-0.018953199 0.044433098 -0.998832643 -72.617103577 -0.035792865 0.998341501 0.045090437 2.557584047 0.999179482 0.036605693 -0.017331377 18.412117004
-0.015770633 0.043026134 -0.998949468 -73.981864929 -0.035567157 0.998417377 0.043564714 2.619617224 0.999242783 0.036216848 -0.014215357 18.392669678
-0.012373034 0.045886278 -0.998870015 -75.348968506 -0.034686878 0.998325586 0.046290927 2.650177956 0.999321640 0.035220437 -0.010760665 18.369323730
-0.010468157 0.044957213 -0.998934031 -76.702095032 -0.035462406 0.998343706 0.045302261 2.703957319 0.999316156 0.035898838 -0.008856528 18.350723267
-0.009610879 0.045540731 -0.998916268 -78.069374084 -0.036740124 0.998271823 0.045864847 2.732282162 0.999278665 0.037141114 -0.007921097 18.335483551
-0.008150188 0.046421405 -0.998888671 -79.427772522 -0.037671529 0.998198509 0.046696700 2.777983904 0.999257028 0.038010247 -0.006386740 18.305047989
-0.007190742 0.046572108 -0.998889029 -80.791664124 -0.038252000 0.998170972 0.046813991 2.808135271 0.999242187 0.038546134 -0.005396114 18.285156250
-0.005764942 0.044362605 -0.998998940 -82.165092468 -0.038434289 0.998267472 0.044551920 2.853242159 0.999244511 0.038652647 -0.004049908 18.263273239
-0.005632703 0.042400055 -0.999084830 -83.554145813 -0.037310727 0.998396099 0.042581175 2.907848597 0.999287844 0.037516423 -0.004041692 18.258316040
-0.004539088 0.042257629 -0.999096453 -84.899658203 -0.033822887 0.998528600 0.042387277 2.943958044 0.999417663 0.033984724 -0.003103134 18.229076385
-0.003818867 0.042934895 -0.999070525 -86.286262512 -0.031792033 0.998567641 0.043034803 2.984387159 0.999487221 0.031926829 -0.002448409 18.204179764
-0.003289559 0.045266408 -0.998969555 -87.645927429 -0.031026872 0.998489499 0.045346811 3.035471201 0.999513149 0.031144075 -0.001880115 18.186399460
-0.003233793 0.049347449 -0.998776376 -89.026687622 -0.033276517 0.998223245 0.049427856 3.066174030 0.999440968 0.033395644 -0.001585936 18.174686432
-0.003019758 0.049886592 -0.998750269 -90.402671814 -0.034920055 0.998140514 0.049961708 3.104561567 0.999385536 0.035027295 -0.001272100 18.172218323
-0.002798168 0.047926258 -0.998846948 -91.761222839 -0.035733484 0.998208165 0.047995713 3.148469210 0.999357581 0.035826586 -0.001080582 18.164117813
-0.002675249 0.045405161 -0.998965025 -93.125595093 -0.035287887 0.998342216 0.045471348 3.193356276 0.999373615 0.035373021 -0.001068561 18.156135559
-0.002839829 0.043726850 -0.999039531 -94.491165161 -0.033340517 0.998483956 0.043797314 3.252147913 0.999440014 0.033432871 -0.001377648 18.153287888
-0.002730050 0.046426516 -0.998917997 -95.859764099 -0.031544928 0.998420537 0.046489619 3.262939215 0.999498546 0.031637717 -0.001261217 18.139404297
-0.002114120 0.048478633 -0.998821974 -97.230812073 -0.030741980 0.998348892 0.048520744 3.313841105 0.999525070 0.030808344 -0.000620301 18.126697540
-0.002258153 0.051541805 -0.998668313 -98.540367126 -0.031440400 0.998173416 0.051587354 3.347833633 0.999503195 0.031515013 -0.000633534 18.128761292
-0.002897813 0.051318604 -0.998678148 -99.904869080 -0.032612886 0.998146176 0.051385902 3.399227619 0.999463856 0.032718670 -0.001218794 18.123561859
-0.001118606 0.049507990 -0.998773038 -101.183303833 -0.032343317 0.998249412 0.049518250 3.436074972 0.999476194 0.032359023 0.000484605 18.097059250
-0.001057480 0.048045628 -0.998844564 -102.474914551 -0.030772820 0.998370528 0.048055403 3.481666565 0.999525845 0.030788081 0.000422742 18.096958160
-0.000955569 0.049530033 -0.998772144 -103.779632568 -0.029310947 0.998342097 0.049536746 3.517328739 0.999569893 0.029322289 0.000497787 18.091615677
-0.000975038 0.052434478 -0.998624027 -105.064430237 -0.026958492 0.998260021 0.052441698 3.557385445 0.999636054 0.026972529 0.000440212 18.094795227
-0.001285299 0.055110570 -0.998479426 -106.340194702 -0.025784155 0.998146474 0.055125378 3.600466490 0.999666691 0.025815802 0.000138063 18.100507736
-0.001130440 0.056393411 -0.998407960 -107.616554260 -0.026636600 0.998052597 0.056403507 3.660023451 0.999644518 0.026657952 0.000373890 18.098783493
-0.000640885 0.058709055 -0.998274922 -108.895469666 -0.029258216 0.997846663 0.058702651 3.702662706 0.999571621 0.029245362 0.001078217 18.086572647
-0.000852008 0.058039483 -0.998313904 -110.242355347 -0.030352890 0.997852802 0.058038574 3.745969296 0.999538839 0.030351162 0.000911487 18.088190079
-0.000894948 0.054020971 -0.998539388 -111.418258667 -0.032584783 0.998007953 0.054021426 3.793843746 0.999468565 0.032585535 0.000867096 18.075452805
-0.000676755 0.052843887 -0.998602569 -112.752861023 -0.034250453 0.998015583 0.052836049 3.839573860 0.999413133 0.034238346 0.001134515 18.065292358
-0.000406441 0.050588638 -0.998719513 -113.951217651 -0.033957202 0.998142898 0.050573260 3.886991262 0.999423206 0.033934280 0.001312162 18.055955887
-0.000782422 0.050996594 -0.998698533 -115.273162842 -0.032702550 0.998163342 0.050994888 3.933359861 0.999464810 0.032699890 0.000886734 18.056879044
-0.000640444 0.053389359 -0.998573542 -116.506774902 -0.032478742 0.998045802 0.053381976 3.970360994 0.999472201 0.032466609 0.001094826 18.054519653
-0.001391484 0.056165591 -0.998420417 -117.794410706 -0.031406377 0.997926474 0.056181561 4.005344391 0.999505758 0.031434949 0.000375359 18.059116364
-0.001594056 0.054621153 -0.998505890 -119.070716858 -0.034917921 0.997895241 0.054643497 4.063554764 0.999388933 0.034952853 0.000316557 18.048721313
-0.002393386 0.055283729 -0.998467863 -120.348564148 -0.037555963 0.997761428 0.055334631 4.121687889 0.999291718 0.037630856 -0.000311795 18.036760330
-0.002291699 0.055175837 -0.998474002 -121.668128967 -0.041644700 0.997605205 0.055223405 4.162572861 0.999129832 0.041707706 0.000011570 18.013936996
-0.002946364 0.050952606 -0.998696685 -122.974624634 -0.042529859 0.997791052 0.051031861 4.224892616 0.999090791 0.042624790 -0.000772848 18.008235931
-0.003785926 0.047908284 -0.998844504 -124.239700317 -0.041686319 0.997976005 0.048024613 4.248178959 0.999123573 0.041819975 -0.001781143 18.005355835
-0.005119023 0.047021385 -0.998880744 -125.521461487 -0.038873088 0.998129427 0.047185227 4.292690277 0.999230981 0.039071128 -0.003281581 18.006692886
-0.005953222 0.046636872 -0.998894155 -126.820220947 -0.034662053 0.998301923 0.046815801 4.332766533 0.999381304 0.034902431 -0.004326582 18.003738403
-0.006097476 0.048355401 -0.998811543 -128.175201416 -0.033176661 0.998270452 0.048531741 4.381552219 0.999430895 0.033433151 -0.004482659 17.987098694
-0.007579547 0.052261375 -0.998604655 -129.531188965 -0.032195933 0.998102844 0.052479483 4.428899765 0.999452770 0.032548785 -0.005882563 17.986087799
-0.007851976 0.052436389 -0.998593390 -130.846984863 -0.030679200 0.998141468 0.052653890 4.478687763 0.999498367 0.031049486 -0.006228677 17.972209930
-0.010464543 0.047969844 -0.998794019 -132.185348511 -0.030164802 0.998378932 0.048265956 4.528759480 0.999490201 0.030633502 -0.009000578 17.985206604
-0.009996448 0.045076944 -0.998933434 -133.532684326 -0.030317495 0.998510480 0.045361239 4.557010651 0.999490380 0.030738614 -0.008614937 17.952495575
-0.011157361 0.043421667 -0.998994529 -134.895477295 -0.029318783 0.998612940 0.043732531 4.599859715 0.999507904 0.029777246 -0.009868816 17.934463501
-0.012032747 0.044790134 -0.998923898 -136.236022949 -0.031129496 0.998495221 0.045145895 4.646938801 0.999442935 0.031639222 -0.010620347 17.922634125
-0.012774731 0.049341120 -0.998700261 -137.642105103 -0.035525989 0.998128712 0.049767319 4.695861340 0.999287128 0.036115576 -0.010997933 17.894113541
-0.012808976 0.052900929 -0.998517632 -139.000183105 -0.041250650 0.997721374 0.053387918 4.740398884 0.999066770 0.041873343 -0.010597594 17.858665466
-0.012965551 0.052909024 -0.998515129 -140.384262085 -0.048301786 0.997400165 0.053477142 4.789219856 0.998748600 0.048923422 -0.010376243 17.820491791
-0.012971935 0.050929140 -0.998618007 -141.799789429 -0.051450495 0.997345090 0.051532559 4.842086315 0.998591244 0.052047871 -0.010317166 17.782487869
-0.014473764 0.049678870 -0.998660326 -143.048507690 -0.053942967 0.997271597 0.050391603 4.892280102 0.998439074 0.054600060 -0.011754447 17.784900665
-0.015536052 0.049528558 -0.998651862 -144.435272217 -0.053970329 0.997274816 0.050299875 4.933360100 0.998421669 0.054679032 -0.012820642 17.761135101
-0.015825210 0.048229832 -0.998710871 -145.823043823 -0.051373631 0.997477472 0.048984319 4.989476204 0.998554111 0.052082591 -0.013307551 17.729885101
-0.016642043 0.049116932 -0.998654306 -147.191192627 -0.051453583 0.997427285 0.049914021 5.026494980 0.998536706 0.052215006 -0.014071987 17.708969116
-0.017788198 0.054007929 -0.998382032 -148.573287964 -0.051047452 0.997188747 0.054852884 5.081071854 0.998537779 0.051940594 -0.014981223 17.686477661
-0.018810587 0.058463763 -0.998112261 -149.951599121 -0.050051719 0.996982217 0.059340838 5.126775265 0.998569489 0.051073473 -0.015827607 17.657415390
-0.018751629 0.057104077 -0.998192072 -151.352279663 -0.050506663 0.997038901 0.057986908 5.184789181 0.998547673 0.051502697 -0.015811965 17.632104874
-0.018706171 0.055863980 -0.998263240 -152.710876465 -0.049923826 0.997140169 0.056736659 5.233781338 0.998577774 0.050898444 -0.015863730 17.611782074
-0.018128464 0.055155538 -0.998313189 -154.090820312 -0.049251333 0.997215986 0.055989254 5.292594433 0.998621881 0.050183259 -0.015361514 17.598894119
-0.017570667 0.054294605 -0.998370349 -155.457962036 -0.049614388 0.997247040 0.055106696 5.346065521 0.998614013 0.050501797 -0.014828502 17.575801849
-0.017766627 0.056036510 -0.998270631 -156.822982788 -0.048990518 0.997180223 0.056847200 5.400300026 0.998641253 0.049915776 -0.014971268 17.557626724
-0.016256711 0.060070407 -0.998061776 -158.224838257 -0.050251309 0.996883094 0.060817972 5.455500126 0.998604238 0.051142614 -0.013187421 17.528137207
-0.015208779 0.060983669 -0.998022914 -159.591186523 -0.051720057 0.996754289 0.061694294 5.514093876 0.998545706 0.052556094 -0.012005334 17.501787186
-0.015029510 0.058455326 -0.998176873 -160.977737427 -0.053812478 0.996795595 0.059184682 5.570481300 0.998437941 0.054603890 -0.011835723 17.476512909
-0.015388281 0.055599324 -0.998334527 -162.328201294 -0.052583281 0.997026145 0.056336969 5.619103909 0.998498082 0.053362634 -0.012418925 17.465543747
-0.015775423 0.054018639 -0.998415351 -163.695556641 -0.049344562 0.997280717 0.054736927 5.669037342 0.998657227 0.050129861 -0.013067000 17.442064285
-0.016362993 0.053410456 -0.998438537 -165.039489746 -0.048193350 0.997369528 0.054143075 5.722276211 0.998703957 0.049004044 -0.013745923 17.433839798
-0.017848724 0.054647662 -0.998346150 -166.405807495 -0.045126382 0.997443676 0.055405047 5.749192238 0.998821795 0.046040662 -0.015337048 17.433017731
-0.016756149 0.052423351 -0.998484373 -167.739517212 -0.043849610 0.997625232 0.053114116 5.825094223 0.998897612 0.044673137 -0.014417611 17.379327774
-0.018135393 0.052223396 -0.998470724 -169.090942383 -0.042849645 0.997676849 0.052960161 5.880886555 0.998916924 0.043744568 -0.015855506 17.374324799
-0.017712135 0.055113990 -0.998322904 -170.436309814 -0.040923499 0.997602940 0.055800296 5.934257030 0.999005258 0.041843209 -0.015414223 17.334039688
-0.019115418 0.056011684 -0.998247087 -171.804779053 -0.038465619 0.997649193 0.056714717 6.000795364 0.999077082 0.039482322 -0.016915958 17.318452835
-0.018817361 0.054786414 -0.998320758 -173.116851807 -0.035812613 0.997819901 0.055433966 6.044040203 0.999181330 0.036795594 -0.016814291 17.291940689
-0.020885156 0.055226337 -0.998255372 -174.473297119 -0.037043054 0.997744918 0.055973101 6.096610546 0.999095321 0.038147435 -0.018792305 17.275705338
-0.019587521 0.059361637 -0.998044372 -175.801589966 -0.037826799 0.997477174 0.060070284 6.165937424 0.999092281 0.038929448 -0.017292639 17.231365204
-0.021161240 0.066338480 -0.997572780 -177.191055298 -0.042070825 0.996853292 0.067183062 6.219610214 0.998890460 0.043390386 -0.018303735 17.201972961
-0.018471792 0.066285752 -0.997629702 -178.498977661 -0.047007188 0.996638954 0.067090280 6.279539108 0.998723745 0.048135035 -0.015293804 17.156352997
-0.017803337 0.062291522 -0.997899175 -179.861953735 -0.051091503 0.996696830 0.063127987 6.351162910 0.998535335 0.052108053 -0.014561961 17.114727020
-0.015191079 0.057086494 -0.998253644 -181.164520264 -0.052850187 0.996927440 0.057814907 6.401267529 0.998486817 0.053636175 -0.012127372 17.085807800
-0.014371864 0.055320982 -0.998365104 -182.509307861 -0.055473726 0.996886313 0.056037616 6.460469723 0.998356640 0.056188412 -0.011258253 17.053886414
-0.013456512 0.052229188 -0.998544455 -183.817962646 -0.050206192 0.997339964 0.052842762 6.507228374 0.998648107 0.050844200 -0.010798489 17.040975571
-0.013239493 0.047808323 -0.998768806 -185.149581909 -0.046791684 0.997732401 0.048378974 6.554536343 0.998816907 0.047374584 -0.010972439 17.015800476
-0.013539952 0.044465192 -0.998919129 -186.466690063 -0.040893827 0.998150289 0.044985265 6.599105358 0.999071717 0.041458722 -0.011696551 17.001909256
-0.014672132 0.047452915 -0.998765707 -187.791076660 -0.038513906 0.998105109 0.047987312 6.645047188 0.999150276 0.039170440 -0.012816735 16.983411789
-0.014370822 0.054102745 -0.998431921 -189.142410278 -0.039039049 0.997743309 0.054627344 6.682512283 0.999134302 0.039762869 -0.012226275 16.957777023
-0.012374491 0.057302244 -0.998280168 -190.448043823 -0.040577874 0.997505486 0.057760779 6.738528252 0.999099731 0.041222848 -0.010018419 16.930894852
-0.010896577 0.054230802 -0.998468995 -191.787689209 -0.041621935 0.997638345 0.054639917 6.786783695 0.999073982 0.042153604 -0.008613651 16.905412674
-0.009733263 0.054208342 -0.998482227 -193.087585449 -0.043295242 0.997570217 0.054580867 6.835724831 0.999014914 0.043760780 -0.007362649 16.882856369
-0.008844809 0.055324309 -0.998429239 -194.406219482 -0.041333970 0.997594714 0.055644237 6.886477470 0.999106348 0.041761201 -0.006536760 16.862253189
-0.008419037 0.053246800 -0.998545885 -195.704833984 -0.041863270 0.997687042 0.053553965 6.937631607 0.999087870 0.042253267 -0.006170479 16.846408844
-0.006599225 0.051618174 -0.998645008 -196.987945557 -0.042037129 0.997769833 0.051850710 6.985765934 0.999094188 0.042322345 -0.004414626 16.826755524
-0.005509073 0.053402849 -0.998557806 -198.252365112 -0.042813309 0.997644782 0.053590223 7.022663593 0.999067962 0.043046795 -0.003209743 16.818216324
-0.003657007 0.055468071 -0.998453736 -199.463668823 -0.043202542 0.997519433 0.055574402 7.061579227 0.999059558 0.043338981 -0.001251574 16.803415298
-0.003396744 0.057198420 -0.998357058 -200.643432617 -0.044270709 0.997375309 0.057292797 7.093315125 0.999013841 0.044392578 -0.000855614 16.794437408
-0.004332809 0.058416702 -0.998282909 -201.829711914 -0.044064742 0.997311354 0.058551107 7.136093140 0.999019265 0.044242766 -0.001747042 16.787965775
-0.003234994 0.059533048 -0.998221040 -202.964401245 -0.043647353 0.997266591 0.059617568 7.167851448 0.999041677 0.043762568 -0.000627691 16.777456284
-0.002894814 0.058311909 -0.998294234 -204.066864014 -0.044066694 0.997321248 0.058382869 7.214106560 0.999024332 0.044160530 -0.000317446 16.769207001
-0.001806209 0.058524165 -0.998284400 -205.131210327 -0.045221079 0.997260034 0.058545932 7.247362614 0.998975337 0.045249246 0.000845266 16.763868332
-0.000469314 0.058795843 -0.998269856 -206.180755615 -0.045837045 0.997219563 0.058755532 7.291434288 0.998948872 0.045785319 0.002227018 16.770376205
-0.001343972 0.057593293 -0.998339176 -207.188858032 -0.044088755 0.997366011 0.057596494 7.313157558 0.999026716 0.044092949 0.001198784 16.766269684
-0.004422262 0.054446168 -0.998506904 -208.220764160 -0.042168472 0.997618318 0.054584477 7.352392197 0.999100685 0.042346887 -0.002115818 16.759037018
-0.010073274 0.051149748 -0.998640180 -209.201538086 -0.041606691 0.997804523 0.051526628 7.373561382 0.999083221 0.042069145 -0.007922987 16.765518188
-0.014537349 0.047852442 -0.998748600 -210.229644775 -0.043396179 0.997882724 0.048442621 7.413615227 0.998952150 0.044046097 -0.012429960 16.726369858
-0.018690754 0.046865344 -0.998726249 -211.250091553 -0.046009075 0.997802258 0.047683030 7.452040195 0.998766184 0.046841700 -0.016493447 16.702400208
-0.021552160 0.047613975 -0.998633265 -212.241882324 -0.047251333 0.997700572 0.048589267 7.480189323 0.998650551 0.048233956 -0.019252779 16.674039841
-0.024038438 0.049195781 -0.998499811 -213.244689941 -0.046178065 0.997667730 0.050266504 7.515756130 0.998643994 0.047317110 -0.021710606 16.651464462
-0.025260221 0.050962418 -0.998381019 -214.257949829 -0.043085504 0.997716248 0.052018601 7.546585083 0.998751998 0.044329755 -0.023006788 16.627136230
-0.027061610 0.051350608 -0.998313963 -215.249526978 -0.041325644 0.997768402 0.052442778 7.575394630 0.998779237 0.042675156 -0.024879122 16.600521088
-0.028067326 0.050756194 -0.998316586 -216.237792969 -0.042052533 0.997765958 0.051910497 7.598137856 0.998721063 0.043438729 -0.025870198 16.572217941
-0.028966237 0.049640991 -0.998346925 -217.213439941 -0.043405227 0.997761607 0.050871253 7.633130550 0.998637617 0.044807021 -0.026746718 16.538785934
-0.029241705 0.049064260 -0.998367429 -218.207946777 -0.047128949 0.997616112 0.050407723 7.662256241 0.998460650 0.048526023 -0.026859649 16.505493164
-0.028345075 0.047464244 -0.998470664 -219.201721191 -0.049504321 0.997579634 0.048827238 7.691704273 0.998371542 0.050812632 -0.025926786 16.462856293
-0.027482362 0.044661187 -0.998624086 -220.190719604 -0.049725316 0.997703612 0.045988467 7.726566792 0.998384714 0.050920773 -0.025198461 16.433595657
-0.027345473 0.042541385 -0.998720348 -221.182098389 -0.049315006 0.997820079 0.043853305 7.750212193 0.998408914 0.050451089 -0.025187936 16.408041000
-0.025964770 0.041462641 -0.998802543 -222.181198120 -0.049583144 0.997856319 0.042712320 7.792385578 0.998432457 0.050632782 -0.023853257 16.364580154
-0.025536923 0.044146638 -0.998698652 -223.201263428 -0.047109179 0.997861445 0.045314223 7.822932720 0.998563290 0.048205055 -0.023402596 16.338775635
-0.025984665 0.046003673 -0.998603225 -224.211181641 -0.046290733 0.997813642 0.047171827 7.844058990 0.998590112 0.047451816 -0.023798306 16.315204620
-0.025546443 0.042960305 -0.998750091 -225.231735229 -0.041254245 0.998179734 0.043990992 7.867196560 0.998822033 0.042326484 -0.023727654 16.295244217
-0.025344372 0.039760247 -0.998887718 -226.256301880 -0.039674625 0.998381495 0.040746741 7.900347233 0.998891115 0.040663190 -0.023725884 16.263303757
-0.025275003 0.040030655 -0.998878717 -227.296890259 -0.044509418 0.998161972 0.041128173 7.936595917 0.998689175 0.045499023 -0.023446808 16.235820770
-0.023941252 0.043607891 -0.998761773 -228.343811035 -0.045900673 0.997946620 0.044672575 7.970626831 0.998659074 0.046913359 -0.021890458 16.203115463
-0.022215642 0.043274049 -0.998816192 -229.401733398 -0.043510698 0.998074234 0.044209667 8.002412796 0.998805940 0.044441331 -0.020289976 16.174089432
-0.020025071 0.043869074 -0.998836577 -230.448593140 -0.041859396 0.998124123 0.044676997 8.048871040 0.998922825 0.042705357 -0.018151170 16.160478592
-0.018753901 0.048964370 -0.998624444 -231.523712158 -0.042901106 0.997840762 0.049731616 8.082378387 0.998903334 0.043774765 -0.016612785 16.138332367
-0.017789543 0.052585907 -0.998457849 -232.606811523 -0.039451316 0.997801423 0.053254228 8.125422478 0.999063134 0.040337846 -0.015675848 16.128013611
-0.015515835 0.053019896 -0.998472929 -233.697631836 -0.039590940 0.997777522 0.053598203 8.177848816 0.999095440 0.040362105 -0.013382245 16.093774796
-0.013395395 0.053971760 -0.998452604 -234.798004150 -0.043168325 0.997579932 0.054503746 8.222293854 0.998978019 0.043831624 -0.011033108 16.072610855
-0.010124456 0.055611026 -0.998401105 -235.901794434 -0.046204586 0.997359872 0.056021571 8.273216248 0.998880684 0.046697911 -0.007528243 16.046600342
-0.006447718 0.055941090 -0.998413205 -237.027969360 -0.047207069 0.997303843 0.056183785 8.315230370 0.998864353 0.047494411 -0.003789520 16.027196884
-0.003956286 0.053318962 -0.998569667 -238.155059814 -0.050509978 0.997292221 0.053450868 8.363398552 0.998715758 0.050649203 -0.001252433 16.019315720
