1.000000000 0.000000000 0.000000000 0.000000000 0.000000000 0.999961495 0.000000000 -0.000065506 0.000000000 0.000000000 0.999961495 0.000000001
0.999974430 0.000162251 -0.007151102 0.081179924 -0.000157939 0.999999821 0.000603478 -0.049410887 0.007151198 -0.000602333 0.999974251 2.131742477
0.999914348 0.001645090 -0.012983867 0.017209865 -0.001602534 0.999993324 0.003287331 -0.083426580 0.012989189 -0.003266242 0.999910295 4.288705349
0.999820352 0.002656204 -0.018767340 -0.032608770 -0.002564565 0.999984682 0.004905281 -0.101252116 0.018780082 -0.004856270 0.999811828 6.515186787
0.999701977 0.002805830 -0.024250040 -0.079510897 -0.002694312 0.999985635 0.004630144 -0.133291960 0.024262683 -0.004563427 0.999695182 8.617850304
0.999561727 0.002085494 -0.029529272 -0.136535823 -0.001979919 0.999991536 0.003604063 -0.162433654 0.029536536 -0.003544019 0.999557376 10.756538391
0.999403298 0.001299827 -0.034514647 -0.218729243 -0.001215459 0.999996126 0.002465271 -0.197033167 0.034517720 -0.002421849 0.999401271 12.921577454
0.999212027 0.001555261 -0.039659247 -0.298881918 -0.001474920 0.999996781 0.002054959 -0.225625515 0.039662316 -0.001994846 0.999211192 15.109726906
0.998986244 0.002736370 -0.044933286 -0.400699437 -0.002662749 0.999994993 0.001698238 -0.257906854 0.044937707 -0.001576870 0.998988509 17.263862610
0.998747110 0.004962516 -0.049795482 -0.518326104 -0.004920200 0.999987364 0.000972327 -0.303010941 0.049799681 -0.000726105 0.998758852 19.424472809
0.998470187 0.006781539 -0.054875586 -0.659187973 -0.006816357 0.999976635 -0.000447338 -0.339421809 0.054871261 0.000820706 0.998493075 21.513265610
0.998154640 0.007916238 -0.060206644 -0.822775364 -0.007976523 0.999967873 -0.000761002 -0.375845313 0.060198687 0.001239837 0.998185575 23.635524750
0.997814655 0.009706014 -0.065357283 -0.938660502 -0.009689215 0.999952912 0.000573995 -0.405926883 0.065359786 0.000060520 0.997861803 25.774038315
0.997444928 0.009619950 -0.070788249 -1.086284995 -0.009486146 0.999952614 0.002226137 -0.433585227 0.070806302 -0.001548942 0.997488976 27.958454132
0.997056723 0.009499195 -0.076075576 -1.247007489 -0.009257910 0.999950945 0.003523683 -0.449918747 0.076105326 -0.002809010 0.997095764 29.849615097
0.996643484 0.007093214 -0.081556894 -1.384287477 -0.006772438 0.999968171 0.004209131 -0.472026825 0.081584156 -0.003642664 0.996659875 31.721292496
0.996186137 0.006079295 -0.087040737 -1.596796155 -0.005682013 0.999972284 0.004811340 -0.507682502 0.087067567 -0.004298424 0.996193111 33.930065155
0.995765805 0.004985577 -0.091790996 -1.821009278 -0.004455819 0.999972224 0.005975384 -0.526631534 0.091818236 -0.005541079 0.995760381 36.002315521
0.995218039 0.003690244 -0.097608395 -2.000591278 -0.003151530 0.999978960 0.005672743 -0.561169446 0.097627282 -0.005338000 0.995208681 38.077404022
0.994611681 0.003099847 -0.103623874 -2.205412865 -0.002731709 0.999989450 0.003694363 -0.600515842 0.103634231 -0.003391386 0.994609773 40.154960632
0.994152725 0.003609016 -0.107922897 -2.453019381 -0.003397422 0.999991953 0.002144409 -0.631108344 0.107929751 -0.001765210 0.994156957 42.295173645
0.993621051 0.005416032 -0.112639941 -2.663974524 -0.005283937 0.999984920 0.001471231 -0.669403791 0.112646222 -0.000866663 0.993634760 44.304790497
0.993130326 0.006113730 -0.116853729 -2.910840750 -0.005880125 0.999979913 0.002343763 -0.714958489 0.116865702 -0.001640548 0.993146360 46.398220062
0.992653430 0.007244151 -0.120775498 -3.167266369 -0.006851387 0.999969780 0.003666965 -0.727768064 0.120798409 -0.002812546 0.992673099 48.384010315
0.992253840 0.007250794 -0.124015130 -3.437559366 -0.006687329 0.999965310 0.004959184 -0.771991670 0.124046810 -0.004091439 0.992267966 50.515506744
0.991752386 0.006929425 -0.127981097 -3.702349186 -0.006495669 0.999971628 0.003806280 -0.801359653 0.128003865 -0.002943565 0.991769314 52.545234680
0.991317511 0.006404712 -0.131333947 -3.980911732 -0.006024118 0.999976397 0.003295024 -0.827612102 0.131351992 -0.002475244 0.991332710 54.552627563
0.990781844 0.004417906 -0.135394931 -4.236155987 -0.003880525 0.999983549 0.004232649 -0.879723787 0.135411412 -0.003668230 0.990782678 56.554496765
0.990306795 0.002990305 -0.138864815 -4.535737514 -0.002317174 0.999984741 0.005008799 -0.890158355 0.138877645 -0.004638473 0.990298629 58.565444946
0.989709795 0.001087305 -0.143085018 -4.826996326 -0.000351081 0.999986589 0.005170509 -0.918668091 0.143088698 -0.005067069 0.989696860 60.480590820
0.989185214 0.000468298 -0.146670461 -5.121878147 -0.000015085 0.999995172 0.003091109 -0.949413836 0.146671221 -0.003055466 0.989180565 62.543601990
0.988693714 0.000767659 -0.149946883 -5.419942856 -0.000433739 0.999997318 0.002259606 -0.990913451 0.149948239 -0.002169021 0.988691390 64.504325867
0.988067031 -0.000431885 -0.154023856 -5.744493008 0.000957943 0.999993980 0.003341231 -1.021567583 0.154021516 -0.003448906 0.988061488 66.572067261
0.987522900 -0.000384397 -0.157474712 -6.053040504 0.001120242 0.999988914 0.004584049 -1.050198436 0.157471210 -0.004703264 0.987512410 68.514869690
0.986948073 -0.001165621 -0.161034614 -6.389955521 0.002076954 0.999982774 0.005491022 -1.072233677 0.161025435 -0.005753815 0.986933470 70.549415588
0.986407578 -0.002447982 -0.164298937 -6.760846138 0.003317078 0.999981940 0.005015572 -1.109943748 0.164283693 -0.005492391 0.986397803 72.598136902
0.985978961 -0.002547107 -0.166850090 -7.075346470 0.003138022 0.999989688 0.003278051 -1.134325385 0.166839987 -0.003755667 0.985976815 74.535301208
0.985511363 -0.003503259 -0.169573098 -7.406701088 0.003632023 0.999993324 0.000449154 -1.184922576 0.169570357 -0.001058540 0.985517502 76.492301941
0.985061288 -0.004566784 -0.172143251 -7.745390892 0.004600720 0.999989450 -0.000201833 -1.195450783 0.172142342 -0.000593166 0.985071957 78.445663452
0.984685004 -0.006650853 -0.174215809 -8.100577354 0.007193095 0.999971092 0.002481246 -1.250685096 0.174194276 -0.003696397 0.984704316 80.425857544
0.984119177 -0.010777308 -0.177181214 -8.434185982 0.011536570 0.999928176 0.003255583 -1.263622999 0.177133381 -0.005247945 0.984172821 82.358428955
0.983421803 -0.015094527 -0.180703431 -8.746373177 0.015523471 0.999879062 0.000959673 -1.295621037 0.180667073 -0.003748908 0.983537138 84.555931091
0.982985020 -0.016132973 -0.182975456 -9.155598640 0.015974632 0.999869704 -0.002339332 -1.352508187 0.182989344 -0.000623438 0.983114719 86.330345154
0.982673943 -0.013588689 -0.184843585 -9.592018127 0.013224378 0.999907434 -0.003203664 -1.380276442 0.184870020 0.000703717 0.982762754 88.137428284
0.982337892 -0.008567197 -0.186918899 -9.926857948 0.008319866 0.999963164 -0.002107647 -1.481489301 0.186930090 0.000515280 0.982373059 90.166755676
0.982148290 -0.003473899 -0.188076213 -10.289810181 0.003256478 0.999993622 -0.001464998 -1.494353771 0.188080102 0.000826380 0.982153356 91.988250732
0.981717467 0.000862049 -0.190341935 -10.594448090 -0.000939243 0.999999523 -0.000315339 -1.496494293 0.190341562 0.000488351 0.981717825 94.008087158
0.981374979 0.003194203 -0.192075267 -11.005802155 -0.003125747 0.999994874 0.000659414 -1.526592135 0.192076370 -0.000046754 0.981379986 95.885559082
0.981107593 0.003561391 -0.193430036 -11.411571503 -0.003514486 0.999993563 0.000585637 -1.599765658 0.193430915 0.000105234 0.981113851 97.752571106
0.980591178 0.001931782 -0.196054414 -11.646045685 -0.001690694 0.999997556 0.001397054 -1.635267973 0.196056649 -0.001038471 0.980592072 99.722030640
0.980332851 -0.000912258 -0.197349355 -12.129631042 0.001500332 0.999994874 0.002830367 -1.663433790 0.197345763 -0.003070791 0.980329096 101.529129028
0.980048478 -0.003693407 -0.198724255 -12.551470757 0.004528043 0.999982655 0.003745684 -1.703272104 0.198706955 -0.004570783 0.980048299 103.510940552
0.979761064 -0.006660678 -0.200059518 -12.918937683 0.007199463 0.999972045 0.001965729 -1.689187765 0.200040847 -0.003366265 0.979781866 105.392356873
0.979251564 -0.009251943 -0.202436924 -13.022251129 0.009235016 0.999956846 -0.001028173 -1.541121721 0.202437714 -0.000862668 0.979294717 107.213485718
0.979237556 -0.010501513 -0.202443764 -13.320981026 0.010273894 0.999944866 -0.002175169 -1.508331180 0.202455461 0.000050121 0.979291320 109.189064026
0.978983521 -0.012277326 -0.203569427 -13.389461517 0.011863947 0.999924302 -0.003250920 -1.258067012 0.203593940 0.000767460 0.979054987 111.399650574
0.979830265 -0.014524417 -0.199302837 -14.561906815 0.015168210 0.999883473 0.001703682 -1.894892812 0.199254870 -0.004692386 0.979936302 112.701156616
0.980003119 -0.016879486 -0.198265195 -14.987315178 0.017836599 0.999836326 0.003042398 -1.828992486 0.198181361 -0.006517936 0.980143666 114.892990112
0.980093956 -0.021105263 -0.197409511 -15.220267296 0.022351658 0.999741912 0.004087493 -1.874119282 0.197272241 -0.008418556 0.980312526 116.677467346
0.980486989 -0.025340404 -0.194944352 -15.803520203 0.026632519 0.999637246 0.004009471 -1.924584985 0.194771990 -0.009123092 0.980806112 118.743423462
0.980931044 -0.029505102 -0.192103982 -16.145101547 0.030668901 0.999524713 0.003086777 -1.938706398 0.191921607 -0.008919531 0.981369734 120.555450439
0.981514871 -0.033129707 -0.188497096 -16.588365555 0.033958342 0.999422491 0.001167299 -1.930052400 0.188349575 -0.007546769 0.982073069 122.611610413
0.981973708 -0.035988100 -0.185560137 -16.992364883 0.036559604 0.999331355 -0.000342032 -1.913187146 0.185448363 -0.006448137 0.982632816 124.296691895
0.982730389 -0.036782186 -0.181350574 -17.260644913 0.037316542 0.999303401 -0.000465762 -2.008179426 0.181241378 -0.006309657 0.983418405 126.135887146
0.983253539 -0.037879761 -0.178262621 -17.593183517 0.038254954 0.999267101 -0.001333293 -2.062588215 0.178182498 -0.005508462 0.983982086 128.002761841
0.983495831 -0.039788835 -0.176501602 -17.885425568 0.039702263 0.999203503 -0.004023366 -2.011868238 0.176521108 -0.003050549 0.984292090 130.023620605
0.983792245 -0.041027237 -0.174555391 -18.341035843 0.040855743 0.999154568 -0.004577257 -2.116110563 0.174595639 -0.002628521 0.984636843 131.772506714
0.983986259 -0.042175237 -0.173183218 -18.656345367 0.042148218 0.999104023 -0.003835166 -2.143565893 0.173189849 -0.003525614 0.984882116 133.586410522
0.984141707 -0.043496888 -0.171968013 -18.946926117 0.043947149 0.999033153 -0.001189810 -2.174565315 0.171853527 -0.006386562 0.985101819 135.320449829
0.984322608 -0.045275748 -0.170468047 -19.331905365 0.046046227 0.998939097 0.000566802 -2.223623514 0.170261547 -0.008407326 0.985363185 137.246322632
0.984315872 -0.048677679 -0.169566572 -19.654989243 0.049621299 0.998767257 0.001329066 -2.250484467 0.169292837 -0.009722335 0.985517859 139.112152100
0.984310508 -0.052128144 -0.168568954 -19.988393784 0.053094797 0.998588681 0.001229109 -2.260545731 0.168266997 -0.010159960 0.985689163 140.878555298
0.984397411 -0.053912193 -0.167497024 -20.319705963 0.054955889 0.998487473 0.001598793 -2.322689772 0.167157501 -0.010778799 0.985871315 142.807952881
0.984549522 -0.055015806 -0.166239396 -20.663232803 0.056031287 0.998427987 0.001421185 -2.353838921 0.165899903 -0.010713835 0.986084402 144.677780151
0.984808624 -0.055124130 -0.164661512 -20.949899673 0.055841077 0.998439550 -0.000275343 -2.367419481 0.164419770 -0.008923717 0.986350000 146.488601685
0.985147774 -0.054483812 -0.162835419 -21.261802673 0.054894350 0.998490214 -0.001980552 -2.423309803 0.162697479 -0.006987608 0.986651242 148.369140625
0.985600591 -0.053645927 -0.160354465 -21.609365463 0.053664517 0.998550117 -0.004217924 -2.485142469 0.160348237 -0.004448157 0.987050474 150.201293945
0.986128092 -0.051425304 -0.157819092 -21.882863998 0.051284563 0.998671651 -0.004966766 -2.525549650 0.157864884 -0.003195817 0.987455487 152.014160156
0.986553669 -0.050089333 -0.155572370 -22.185300827 0.049916662 0.998740792 -0.005018788 -2.524742126 0.155627832 -0.002814350 0.987811744 153.828826904
0.986956954 -0.048955627 -0.153359815 -22.469940186 0.048856948 0.998796046 -0.004414341 -2.538228273 0.153391272 -0.003135927 0.988160610 155.675186157
0.987291813 -0.049077719 -0.151149496 -22.728542328 0.049110509 0.998787224 -0.003518309 -2.547179699 0.151138842 -0.003949432 0.988504708 157.507263184
0.987529635 -0.051537342 -0.148758709 -23.064447403 0.051781680 0.998655856 -0.002232627 -2.647693396 0.148673847 -0.005498193 0.988870919 159.374877930
0.987589955 -0.055547345 -0.146903738 -23.352457047 0.055764366 0.998440444 -0.002643813 -2.695460796 0.146821499 -0.005580992 0.989147186 161.207992554
0.987495124 -0.060379781 -0.145628601 -23.631193161 0.060685601 0.998154223 -0.002345585 -2.723401785 0.145501450 -0.006521306 0.989336550 163.007781982
0.987416744 -0.064749248 -0.144276038 -23.862632751 0.065178104 0.997872055 -0.001757148 -2.779372692 0.144082770 -0.007668603 0.989535928 164.874252319
0.987587273 -0.067600511 -0.141779199 -24.139404297 0.068068430 0.997679472 -0.001552585 -2.807583809 0.141555145 -0.008117373 0.989897192 166.638641357
0.987926185 -0.068614341 -0.138902202 -24.406633377 0.069134161 0.997606933 -0.001084716 -2.848389864 0.138644218 -0.008531270 0.990305483 168.498153687
0.988408029 -0.068950005 -0.135260195 -24.647815704 0.069420218 0.997586727 -0.001242829 -2.868853807 0.135019466 -0.008161370 0.990809321 170.368118286
0.988965690 -0.068069436 -0.131580904 -24.926733017 0.068357207 0.997658193 -0.002333947 -2.915656328 0.131431669 -0.006686310 0.991302669 172.093643188
0.989650249 -0.065657340 -0.127598971 -25.188003540 0.065859385 0.997825384 -0.002639531 -2.987459898 0.127494842 -0.005791379 0.991822302 174.016113281
0.990450680 -0.062504210 -0.122884803 -25.424182892 0.062717937 0.998028934 -0.002131849 -3.014942884 0.122775868 -0.005595594 0.992418706 175.886779785
0.990889847 -0.063227490 -0.118910171 -25.645275116 0.063377425 0.997986436 -0.002524127 -3.053715706 0.118830338 -0.005035087 0.992901802 177.653488159
0.991424143 -0.063792922 -0.114055462 -25.856370926 0.063933663 0.997951210 -0.002427394 -3.089127779 0.113976642 -0.004885407 0.993471384 179.547592163
0.991730094 -0.066010751 -0.110063747 -26.058103561 0.066084720 0.997809529 -0.002979686 -3.102846384 0.110019356 -0.004318489 0.993920088 181.314010620
0.991962373 -0.068668373 -0.106279433 -26.273542404 0.068732761 0.997630358 -0.003061346 -3.141340733 0.106237814 -0.004268139 0.994331598 183.147766113
0.992233157 -0.070723414 -0.102330469 -26.495010376 0.070735767 0.997488916 -0.003512566 -3.208809376 0.102321930 -0.003753139 0.994744241 184.998336792
0.992321968 -0.073325053 -0.099601962 -26.564811707 0.073025659 0.997307897 -0.006653509 -3.105637074 0.099821687 -0.000671075 0.995005131 186.839157104
0.992773890 -0.073799022 -0.094623156 -26.931032181 0.073726304 0.997269332 -0.004268995 -3.393706322 0.094679825 -0.002738068 0.995504081 188.607788086
0.993110061 -0.073527150 -0.091247797 -27.040294647 0.073490791 0.997288764 -0.003762863 -3.343475819 0.091277093 -0.002968935 0.995820999 190.322509766
0.993415952 -0.072972313 -0.088316493 -27.091785431 0.072970852 0.997328758 -0.003249556 -3.283265114 0.088317722 -0.003216369 0.996087074 192.204803467
0.993868887 -0.071846411 -0.084038936 -27.352203369 0.072113819 0.997396410 0.000146897 -3.445489407 0.083809584 -0.006206366 0.996462345 193.850357056
0.994287729 -0.071416765 -0.079319164 -27.529556274 0.071651302 0.997429729 0.000111140 -3.435182571 0.079107344 -0.005793827 0.996849298 195.737258911
0.994605422 -0.071422085 -0.075226158 -27.649686813 0.071586803 0.997434258 -0.000507886 -3.474908829 0.075069420 -0.004880054 0.997166395 197.555023193
0.994966686 -0.072004043 -0.069690429 -27.805315018 0.071980983 0.997401953 -0.002845588 -3.482335329 0.069714271 -0.002185120 0.997564673 199.325241089
0.995302379 -0.072295897 -0.064393125 -27.959848404 0.072267383 0.997381449 -0.002774633 -3.508597374 0.064425118 -0.001891924 0.997920752 201.192871094
0.995526135 -0.073861092 -0.058926355 -28.068086624 0.073815525 0.997267604 -0.002952350 -3.568777084 0.058983400 -0.001410539 0.998258054 202.923400879
0.995854914 -0.073642842 -0.053382576 -28.188390732 0.073546357 0.997284770 -0.003772195 -3.608615160 0.053515423 -0.000169535 0.998566985 204.681671143
0.996133924 -0.073637113 -0.047903687 -28.278244019 0.073483698 0.997284114 -0.004958155 -3.658857107 0.048138678 0.001418846 0.998839736 206.585510254
0.996468067 -0.072598293 -0.042200815 -28.363143921 0.072444476 0.997359097 -0.005164752 -3.695703506 0.042464308 0.002089294 0.999095798 208.356292725
0.996764719 -0.071583875 -0.036548216 -28.446550369 0.071459934 0.997432470 -0.004688120 -3.751173258 0.036789965 0.002061222 0.999320865 210.097640991
0.996941149 -0.071430251 -0.031716418 -28.482744217 0.071322642 0.997443080 -0.004512925 -3.776043177 0.031957678 0.002237022 0.999486744 211.865554810
0.997157156 -0.070822090 -0.025726220 -28.582204819 0.070713758 0.997483611 -0.005097434 -3.800822258 0.026022490 0.003263745 0.999656022 213.748809814
0.997264922 -0.070922159 -0.020800490 -28.609832764 0.070829563 0.997475088 -0.005156209 -3.848692179 0.021113662 0.003668817 0.999770343 215.553771973
0.997429430 -0.070054255 -0.015065839 -28.670276642 0.069997780 0.997538090 -0.004243937 -3.888328791 0.015326058 0.003178453 0.999877453 217.336730957
0.997445643 -0.070775874 -0.009646572 -28.693527222 0.070748605 0.997489214 -0.003138467 -3.940632343 0.009844483 0.002447969 0.999948561 219.113861084
0.997529328 -0.070092283 -0.004728699 -28.700321198 0.070080005 0.997537673 -0.002710533 -3.988818884 0.004907041 0.002372449 0.999985158 220.816116333
0.997533917 -0.070181511 0.000752622 -28.718654633 0.070183717 0.997527957 -0.003476738 -4.005958557 -0.000506759 0.003520986 0.999993622 222.670669556
0.997511685 -0.070288643 0.005473377 -28.669233322 0.070312470 0.997515738 -0.004289402 -4.042836189 -0.005158283 0.004663575 0.999975801 224.450714111
0.997446597 -0.070512660 0.011318700 -28.698450089 0.070572197 0.997494400 -0.004949813 -4.081790924 -0.010941314 0.005735960 0.999923646 226.271774292
0.997322083 -0.071178421 0.016801519 -28.680778503 0.071263410 0.997447371 -0.004513605 -4.130060196 -0.016437359 0.005698851 0.999848664 228.009750366
0.997168899 -0.072024867 0.021607699 -28.638763428 0.072149776 0.997380912 -0.005057786 -4.174356461 -0.021186827 0.006602457 0.999753714 229.834533691
0.996976852 -0.072942786 0.026768386 -28.597932816 0.073112302 0.997309029 -0.005408732 -4.212592125 -0.026301825 0.007349479 0.999626994 231.606506348
0.996711195 -0.074606381 0.031631667 -28.560380936 0.074804299 0.997185111 -0.005118888 -4.259364605 -0.031160727 0.007468239 0.999486446 233.352798462
0.996549726 -0.074487567 0.036610238 -28.505290985 0.074659690 0.997203469 -0.003355108 -4.319069862 -0.036257938 0.006076841 0.999323964 235.110183716
0.996310234 -0.075155765 0.041441381 -28.444101334 0.075339682 0.997153878 -0.002891909 -4.343045235 -0.041106086 0.006003420 0.999136746 236.855056763
0.996164322 -0.074229658 0.046330377 -28.359544754 0.074430496 0.997222781 -0.002622397 -4.383313656 -0.046007045 0.006060732 0.998922706 238.561874390
0.996034563 -0.072401062 0.051702086 -28.324754715 0.072629854 0.997355759 -0.002557765 -4.420801640 -0.051380180 0.006302737 0.998659372 240.346588135
0.995765567 -0.072469443 0.056563038 -28.206359863 0.072750777 0.997345984 -0.002927519 -4.464364529 -0.056200758 0.007030128 0.998394668 242.112594604
0.995530844 -0.071599551 0.061578255 -28.119005203 0.071908742 0.997407317 -0.002816529 -4.495576382 -0.061216932 0.007231955 0.998098254 243.853515625
0.995191276 -0.071876638 0.066543885 -28.007606506 0.072198845 0.997387290 -0.002446753 -4.538106441 -0.066194177 0.007239378 0.997780502 245.628128052
0.994822979 -0.071882218 0.071834683 -27.904264450 0.072218545 0.997386694 -0.002092398 -4.568470478 -0.071496554 0.007269362 0.997414470 247.361206055
0.994314373 -0.073958375 0.076609612 -27.775300980 0.074240252 0.997240007 -0.000833897 -4.607549191 -0.076336510 0.006516672 0.997060835 249.124526978
0.993602455 -0.077818893 0.081843212 -27.649429321 0.078134872 0.996942639 -0.000660263 -4.643600464 -0.081541598 0.007050848 0.996645093 250.833724976
0.993038893 -0.079754621 0.086677477 -27.491758347 0.080379434 0.996757329 -0.003736885 -4.669868469 -0.086098395 0.010677960 0.996229410 252.610717773
0.992588520 -0.078796737 0.092516288 -27.361442566 0.079755664 0.996791840 -0.006708089 -4.714035988 -0.091690913 0.014037072 0.995688498 254.343307495
0.992223144 -0.076588280 0.098119691 -27.192724228 0.077702299 0.996947825 -0.007577496 -4.762310982 -0.097239874 0.015142695 0.995145798 256.063079834
0.991776824 -0.074131355 0.104322284 -27.043579102 0.075479507 0.997106373 -0.009029367 -4.806641102 -0.103351057 0.016829312 0.994502664 257.797454834
0.991301835 -0.072692119 0.109712355 -26.840578079 0.074188359 0.997197866 -0.009612477 -4.859262943 -0.108706184 0.017668245 0.993916810 259.561859131
0.990812540 -0.070417382 0.115463875 -26.673114777 0.072135828 0.997336686 -0.010767248 -4.901362419 -0.114398144 0.018997405 0.993253291 261.312286377
0.990264297 -0.069837876 0.120413244 -26.450775146 0.071527340 0.997390866 -0.009760654 -4.951388359 -0.119417384 0.018278465 0.992675841 263.026031494
0.989493549 -0.070551738 0.126194507 -26.244525909 0.072234988 0.997348726 -0.008806727 -4.999240398 -0.125238597 0.017829854 0.991966426 264.800231934
0.988772750 -0.071319543 0.131308511 -26.020818710 0.072956264 0.997305512 -0.007690216 -5.044424534 -0.130406231 0.017183652 0.991311729 266.505157471
0.987924755 -0.073660508 0.136303768 -25.796085358 0.075195849 0.997149885 -0.006142769 -5.087464809 -0.135462806 0.016318070 0.990648031 268.369873047
0.987168252 -0.073008485 0.142015949 -25.562074661 0.074614681 0.997194350 -0.006010640 -5.131848335 -0.141178623 0.016529987 0.989846110 269.952423096
0.986249566 -0.073707998 0.147915065 -25.340621948 0.075566627 0.997116327 -0.006977674 -5.159518242 -0.146974206 0.018059168 0.988975465 271.617248535
0.985260487 -0.076761395 0.152870655 -25.065797806 0.078988157 0.996838927 -0.008537719 -5.196154118 -0.151732072 0.020486850 0.988209367 273.453094482
0.984456420 -0.076458916 0.158112690 -24.810464859 0.078705288 0.996865928 -0.007985652 -5.256836414 -0.157006592 0.020305835 0.987388790 275.119110107
0.983480811 -0.078934535 0.162894994 -24.527042389 0.081043199 0.996690512 -0.006329945 -5.286197662 -0.161856264 0.019426912 0.986623108 276.840850830
0.982775450 -0.077047676 0.167976260 -24.272132874 0.079114176 0.996849656 -0.005634743 -5.329868317 -0.167012915 0.018826986 0.985774994 278.451965332
0.981561959 -0.080668241 0.173287958 -23.958444595 0.082714811 0.996562600 -0.004609369 -5.351712704 -0.172320500 0.018857859 0.984860420 280.313140869
0.980753541 -0.081215478 0.177557319 -23.638267517 0.083204307 0.996525407 -0.003771334 -5.385080814 -0.176634118 0.018472286 0.984103203 281.889068604
0.979893208 -0.078865297 0.183274418 -23.352033615 0.080881603 0.996717393 -0.003540751 -5.421679020 -0.182393566 0.018293088 0.983055413 283.699462891
0.978967965 -0.078945741 0.188120291 -23.058519363 0.081013374 0.996707499 -0.003315328 -5.457249165 -0.187239170 0.018485853 0.982140362 285.359100342
0.978080928 -0.079014063 0.192651048 -22.701637268 0.081166297 0.996695042 -0.003292307 -5.507542610 -0.191754237 0.018856915 0.981261790 287.102966309
0.977058351 -0.079354204 0.197635531 -22.424846649 0.081796207 0.996640146 -0.004210162 -5.523855686 -0.196637392 0.020279411 0.980266571 288.692657471
0.976130605 -0.078054495 0.202673525 -22.060871124 0.080680825 0.996728837 -0.004716306 -5.574637890 -0.201642394 0.020955598 0.979234934 290.474639893
0.975191712 -0.078258477 0.207067162 -21.743156433 0.080868796 0.996716022 -0.004158522 -5.601178646 -0.206061751 0.020800628 0.978317797 292.120330811
0.973981440 -0.080244981 0.211945608 -21.318956375 0.082637057 0.996576726 -0.002437777 -5.650633335 -0.211024448 0.019888911 0.977278411 294.000854492
0.972852111 -0.077279411 0.218143657 -21.022787094 0.079323687 0.996848762 -0.000615801 -5.699699402 -0.217408627 0.017903041 0.975916505 295.406158447
0.971815109 -0.079649694 0.221881106 -20.568729401 0.081555799 0.996668577 0.000573182 -5.728933811 -0.221187577 0.017538667 0.975073576 297.438537598
0.970667779 -0.077964567 0.227432534 -20.200893402 0.079881899 0.996803999 0.000776464 -5.748003483 -0.226766199 0.017414058 0.973793626 299.121704102
0.969129026 -0.079272643 0.233462542 -19.786277771 0.081595697 0.996665597 -0.000293168 -5.783527851 -0.232660845 0.019333655 0.972365677 300.847320557
0.967599630 -0.079744510 0.239566103 -19.389617920 0.082809776 0.996561527 -0.002739865 -5.808433533 -0.238523930 0.022489505 0.970876217 302.563079834
0.966101825 -0.076944947 0.246428058 -18.953336716 0.080850370 0.996709585 -0.005753872 -5.858473301 -0.245174482 0.025482625 0.969144046 304.286621094
0.964366734 -0.075713508 0.253504187 -18.540723801 0.080405056 0.996728659 -0.008181857 -5.885147572 -0.252055407 0.028273327 0.967299700 305.979248047
0.962720692 -0.078974649 0.258711666 -18.066509247 0.084014617 0.996428549 -0.008465187 -5.936913967 -0.257119149 0.029885177 0.965917408 307.720947266
0.960908711 -0.078797966 0.265415132 -17.633544922 0.084212720 0.996406615 -0.009064777 -5.991973400 -0.263747096 0.031061752 0.964091539 309.346160889
0.959367454 -0.080606103 0.270401061 -17.140846252 0.085799187 0.996284842 -0.007419757 -6.038446426 -0.268798411 0.030318471 0.962719202 311.082305908
0.957522452 -0.081630014 0.276563555 -16.680963516 0.086123943 0.996275842 -0.004120505 -6.076531887 -0.275197297 0.027764218 0.960986793 312.734619141
0.955499113 -0.082558505 0.283205718 -16.213544846 0.086276032 0.996271014 -0.000656828 -6.104970455 -0.282095402 0.025061458 0.959058940 314.412414551
0.953731954 -0.081198744 0.289486080 -15.757884979 0.084853925 0.996393323 -0.000075990 -6.133750916 -0.288435876 0.024636505 0.957182229 316.024627686
0.952071071 -0.084424555 0.293995112 -15.240485191 0.088417150 0.996083498 -0.000290898 -6.163611412 -0.292819113 0.026271172 0.955806851 317.656555176
0.950223267 -0.082800351 0.300365984 -14.769630432 0.086642638 0.996239245 0.000529711 -6.193759441 -0.299280286 0.025521155 0.953823864 319.247039795
0.948555648 -0.084908471 0.305012733 -14.244183540 0.088634446 0.996062875 0.001637495 -6.232161045 -0.303950816 0.025481381 0.952346861 320.912231445
0.947256863 -0.086326040 0.308629602 -13.740557671 0.089804173 0.995955050 0.002946051 -6.273945808 -0.307635516 0.024925562 0.951177716 322.484252930
0.946276665 -0.088913999 0.310893416 -13.219299316 0.092794955 0.995682538 0.002317249 -6.299425125 -0.309757113 0.026656581 0.950442135 324.103393555
0.945608079 -0.091010712 0.312317610 -12.673265457 0.094979450 0.995476067 0.002515542 -6.326626301 -0.311133683 0.027285038 0.949974358 325.731201172
0.944508433 -0.091091469 0.315604419 -12.148867607 0.095244944 0.995451212 0.002273298 -6.364106655 -0.314375907 0.027912579 0.948888063 327.345550537
0.943264425 -0.089210294 0.319833845 -11.620818138 0.093700014 0.995599508 0.001356462 -6.381514549 -0.318547457 0.028688934 0.947472572 328.931182861
0.941504419 -0.087768435 0.325370818 -11.084791183 0.092136472 0.995744348 0.001991700 -6.414116383 -0.324160963 0.028103320 0.945584536 330.538177490
0.939670503 -0.087229706 0.330772340 -10.551673889 0.091204360 0.995826066 0.003517690 -6.440803528 -0.329698563 0.026862413 0.943704069 332.108795166
0.937724888 -0.087224387 0.336249679 -9.978790283 0.091048196 0.995836675 0.004410650 -6.453662872 -0.335234463 0.026478944 0.941762567 333.718963623
0.936311603 -0.086922303 0.340242654 -9.353832245 0.090779662 0.995860398 0.004598008 -6.468119621 -0.339233845 0.026581945 0.940326452 335.406677246
0.934386015 -0.086012110 0.345723420 -8.778965950 0.090152606 0.995919466 0.004118325 -6.492753029 -0.344666928 0.027319770 0.938327312 336.991729736
0.932473063 -0.086379655 0.350760013 -8.183222771 0.091092654 0.995837688 0.003075192 -6.519274235 -0.349565655 0.029084127 0.936460316 338.613739014
0.930378675 -0.086409174 0.356270939 -7.599790096 0.091700681 0.995784521 0.002044937 -6.544361115 -0.354945719 0.030767718 0.934380412 340.211364746
0.928461611 -0.087312073 0.361020267 -6.968646526 0.092801712 0.995682299 0.002139103 -6.571375370 -0.359648317 0.031517226 0.932555556 341.818542480
0.926517844 -0.087093554 0.366031945 -6.347368717 0.092848212 0.995678425 0.001889629 -6.596677303 -0.364614695 0.032234631 0.930600405 343.416961670
0.924381673 -0.087466389 0.371305764 -5.721317768 0.093429163 0.995624006 0.001937528 -6.617251396 -0.369850457 0.032899778 0.928508639 345.010009766
0.922382832 -0.087274805 0.376288474 -5.082682610 0.093310095 0.995634675 0.002195687 -6.639403820 -0.374837399 0.033086237 0.926500142 346.587951660
0.920196831 -0.087951094 0.381447643 -4.445931911 0.094212614 0.995549500 0.002269047 -6.671862125 -0.379949570 0.033849198 0.924387693 348.136230469
0.917842388 -0.089409813 0.386744499 -3.795551062 0.096501246 0.995332241 0.001084815 -6.697411537 -0.385036290 0.036325637 0.922186375 349.684936523
0.915832937 -0.090266697 0.391282290 -3.122892380 0.097926065 0.995193660 0.000380584 -6.712940216 -0.389435887 0.037968177 0.920270681 351.296508789
0.913664341 -0.092626929 0.395774841 -2.440184832 0.100747712 0.994911969 0.000267947 -6.724501610 -0.393785894 0.039628591 0.918347538 352.855102539
0.911361933 -0.090969786 0.401427150 -1.774867296 0.098931395 0.995093822 0.000899691 -6.750038147 -0.399539590 0.038893811 0.915890455 354.443786621
0.908845484 -0.094914764 0.406190813 -1.097950459 0.102081008 0.994767845 0.004043128 -6.783118725 -0.404449284 0.037789796 0.913779259 355.940917969
0.906510115 -0.095636837 0.411209166 -0.410175890 0.103101045 0.994662583 0.004047260 -6.796854496 -0.409401506 0.038727198 0.911531925 357.501251221
0.903989673 -0.095080763 0.416848093 0.283533603 0.103003897 0.994674802 0.003502449 -6.809486866 -0.414961249 0.039770793 0.908969462 359.055480957
0.901593447 -0.094299771 0.422181010 0.977003336 0.102263741 0.994750023 0.003800216 -6.832892418 -0.420322895 0.039747559 0.906503618 360.587738037
0.899755955 -0.093267247 0.426310509 1.702645779 0.101430938 0.994836211 0.003571500 -6.855847359 -0.424442291 0.040027600 0.904569864 362.110260010
0.898120344 -0.092596903 0.429890215 2.429497004 0.101079874 0.994873405 0.003117746 -6.874060631 -0.427975088 0.040653143 0.902875721 363.624145508
0.896586359 -0.091268577 0.433362365 3.155884027 0.099357396 0.995043814 0.004000705 -6.897435188 -0.431579649 0.039470769 0.901210845 365.130889893
0.895129204 -0.091129288 0.436393291 3.886798143 0.099466495 0.995033741 0.003761149 -6.920400143 -0.434568763 0.040039793 0.899748206 366.621612549
0.893562138 -0.091945402 0.439423203 4.623365402 0.099660031 0.995006084 0.005538677 -6.936696529 -0.437738061 0.038843773 0.898263037 368.118804932
0.891846597 -0.094810635 0.442290157 5.374067783 0.101986945 0.994756818 0.007589610 -6.953690052 -0.440690666 0.038339052 0.896839917 369.626800537
0.889844418 -0.094949879 0.446274996 6.081571579 0.102306053 0.994723499 0.007646451 -6.972072124 -0.444646329 0.038852479 0.894863129 371.089813232
0.888350010 -0.094464108 0.449344814 6.836956978 0.102666840 0.994696856 0.006140188 -6.994534969 -0.447541893 0.040678177 0.893337309 372.583923340
0.886637330 -0.094520055 0.452703267 7.587436676 0.103182010 0.994646788 0.005586572 -7.014967918 -0.450807840 0.041757561 0.891643703 374.071685791
0.885028303 -0.094729170 0.455797434 8.348825455 0.103491150 0.994613647 0.005762096 -7.033638954 -0.453888148 0.042071369 0.890065014 375.552276611
0.883244872 -0.094887249 0.459211230 9.116489410 0.103658721 0.994593978 0.006137140 -7.052998066 -0.457311064 0.042180657 0.888305902 377.036102295
0.881508827 -0.095206402 0.462469369 9.900873184 0.104911409 0.994470179 0.004756189 -7.066349983 -0.460364759 0.044325698 0.886622488 378.527740479
0.879592240 -0.094926238 0.466161460 10.701414108 0.105721392 0.994391263 0.003007774 -7.090312481 -0.463832468 0.046637625 0.884694517 380.033477783
0.877591193 -0.095089719 0.469884634 11.510779381 0.106584080 0.994301379 0.002150714 -7.108641624 -0.467411518 0.048194781 0.882725239 381.539215088
0.875362635 -0.097028010 0.473630428 12.308827400 0.108445853 0.994097114 0.003221504 -7.134763718 -0.471147209 0.048543278 0.880717814 383.028686523
0.873149812 -0.097775638 0.477545023 13.135648727 0.109376349 0.993994176 0.003531557 -7.154754162 -0.475022227 0.049148552 0.878600121 384.544372559
0.871257424 -0.098654799 0.480809450 13.974962234 0.110006377 0.993920267 0.004598772 -7.167088509 -0.478339881 0.048885386 0.876813054 386.063293457
0.869478583 -0.098083638 0.484134674 14.816150665 0.109377451 0.993987918 0.004942001 -7.188977242 -0.481708705 0.048656449 0.874979556 387.569854736
0.867518723 -0.095562227 0.488138527 15.632712364 0.107492484 0.994199395 0.003597642 -7.207207680 -0.485650748 0.049350202 0.872758925 389.054351807
0.865306139 -0.093640752 0.492419213 16.458600998 0.105961442 0.994366050 0.002892066 -7.239636421 -0.489915758 0.049674921 0.870353341 390.532958984
0.863456547 -0.091551647 0.496045411 17.306749344 0.103972286 0.994576871 0.002579621 -7.258159161 -0.493591428 0.049347572 0.868292749 392.015686035
0.861308634 -0.090330958 0.499987632 18.161672592 0.102231890 0.994754076 0.003607817 -7.287540913 -0.497690588 0.048007239 0.866025209 393.512512207
0.858808994 -0.091464646 0.504064739 19.016136169 0.103108458 0.994658470 0.004812117 -7.300933838 -0.501812518 0.047840651 0.863652349 394.976135254
0.856352329 -0.094624318 0.507648587 19.889698029 0.105283156 0.994412065 0.007753611 -7.321197033 -0.505545616 0.046807017 0.861529350 396.450592041
0.853227913 -0.098236389 0.512202859 20.750722885 0.108662203 0.994032025 0.009637774 -7.330770969 -0.510092795 0.047433876 0.858810425 397.899810791
0.849909842 -0.101474278 0.517064989 21.638984680 0.112718426 0.993579388 0.009713006 -7.334259987 -0.514730811 0.050027572 0.855891049 399.384094238
0.847052038 -0.102508478 0.521531284 22.537611008 0.115043096 0.993325055 0.008392119 -7.345211983 -0.518910348 0.052890021 0.853190899 400.841186523
0.843840778 -0.102006041 0.526808918 23.419792175 0.115912274 0.993237197 0.006652688 -7.355219364 -0.523924768 0.055449799 0.849957883 402.275909424
0.840682209 -0.101290345 0.531971633 24.308105469 0.116854116 0.993139207 0.004433033 -7.370341301 -0.528770983 0.058436304 0.846750498 403.694396973
0.837614655 -0.098979585 0.537219346 25.228275299 0.115697458 0.993281007 0.002614667 -7.378899574 -0.533868551 0.059964839 0.843438506 405.146942139
0.834440529 -0.098166570 0.542284369 26.138637543 0.114555210 0.993410468 0.003559361 -7.406991005 -0.539060354 0.059151419 0.840187609 406.577514648
0.831035674 -0.098801166 0.547373772 27.054164886 0.114047572 0.993456125 0.006169503 -7.426635265 -0.544401407 0.057299577 0.836865485 407.993988037
0.827696919 -0.099348240 0.552311182 27.986103058 0.112947091 0.993555963 0.009454951 -7.441415310 -0.549691617 0.054556128 0.833584309 409.418670654
0.824336648 -0.100395322 0.557126284 28.920345306 0.112451553 0.993576586 0.012658687 -7.451653004 -0.554818571 0.052214708 0.830331266 410.821624756
0.821100831 -0.100022115 0.561950922 29.871786118 0.111088708 0.993703961 0.014551705 -7.452639103 -0.559868276 0.050477982 0.827042520 412.241333008
0.817440867 -0.100145273 0.567240179 30.822504044 0.111722507 0.993634760 0.014422957 -7.462675571 -0.565073848 0.051583573 0.823426187 413.640167236
0.814254403 -0.099383168 0.571937799 31.780275345 0.112456113 0.993577480 0.012548556 -7.464477062 -0.569511533 0.054100182 0.820201039 415.020477295
0.811301112 -0.097843878 0.576382756 32.751789093 0.112991512 0.993549526 0.009616121 -7.471928596 -0.573605418 0.057324797 0.817123353 416.406402588
0.808464527 -0.096602380 0.580562830 33.736740112 0.113215342 0.993540943 0.007661233 -7.485950470 -0.577552974 0.059534781 0.814179480 417.795532227
0.806672454 -0.097923830 0.582829595 34.706558228 0.115675397 0.993263900 0.006780742 -7.490283012 -0.579567611 0.061949220 0.812566102 419.159240723
0.804189444 -0.097603828 0.586304367 35.684719086 0.114915133 0.993345082 0.007744699 -7.513214111 -0.583158553 0.061147038 0.810053825 420.546264648
0.802762628 -0.098020047 0.588187099 36.679588318 0.115320921 0.993294954 0.008139386 -7.514131546 -0.585041046 0.061296280 0.808683932 421.899871826
0.800441384 -0.098728694 0.591224372 37.667400360 0.115252011 0.993287563 0.009832999 -7.525033474 -0.588226616 0.060269058 0.806447208 423.241638184
0.797753096 -0.098919071 0.594815135 38.670318604 0.115163974 0.993288577 0.010730700 -7.533053398 -0.591884494 0.059940826 0.803790867 424.599060059
0.794326246 -0.099140294 0.599346995 39.675239563 0.116346367 0.993157446 0.010085860 -7.532985210 -0.596245825 0.061720397 0.800425708 425.984832764
0.791042745 -0.099126160 0.603676498 40.693206787 0.117965132 0.992981613 0.008473039 -7.540199280 -0.600279570 0.064510256 0.797184289 427.330383301
0.787722826 -0.099465273 0.607946754 41.722599030 0.120180316 0.992729485 0.006700124 -7.543636322 -0.604193091 0.067785412 0.793949425 428.685729980
0.784394979 -0.099678680 0.612200022 42.755252838 0.122644298 0.992440701 0.004448911 -7.552846432 -0.608015716 0.071593143 0.790690422 430.034179688
0.780789793 -0.099478200 0.616823614 43.785366058 0.124166675 0.992257178 0.002853165 -7.554259777 -0.612331510 0.074361227 0.787096262 431.391479492
0.777927577 -0.098294981 0.620618045 44.810047150 0.121890068 0.992533743 0.004414049 -7.592090607 -0.616418302 0.072213352 0.784100592 432.678100586
0.774410427 -0.097467206 0.625130773 45.865077972 0.119139485 0.992851377 0.007210616 -7.612024307 -0.621364832 0.068893790 0.780486703 434.051025391
0.771343231 -0.098719239 0.628716290 46.910453796 0.119343609 0.992807865 0.009470668 -7.608289242 -0.625129402 0.067728117 0.777577102 435.333831787
0.767808259 -0.100158632 0.632802248 47.958595276 0.119390368 0.992771566 0.012271975 -7.609457970 -0.629457295 0.066127971 0.774216056 436.649353027
0.764343560 -0.102242351 0.636651814 49.025665283 0.120666094 0.992586672 0.014535511 -7.617290020 -0.633418381 0.065712154 0.771014392 437.964721680
0.760651588 -0.103290349 0.640890062 50.094085693 0.123440869 0.992261291 0.013411841 -7.603558064 -0.637315810 0.068910286 0.767515421 439.285217285
0.757035375 -0.102583066 0.645270586 51.150920868 0.125191927 0.992073357 0.010840734 -7.615574360 -0.641267836 0.072575852 0.763877094 440.548339844
0.754129410 -0.103381641 0.648537576 52.242431641 0.128991485 0.991612792 0.008077068 -7.605923176 -0.643933237 0.077564679 0.761139691 441.836090088
0.750429928 -0.102718763 0.652919412 53.314704895 0.129924953 0.991501451 0.006656592 -7.601893425 -0.648054302 0.079835229 0.757398188 443.124084473
0.747674465 -0.102935210 0.656039000 54.414180756 0.129972294 0.991489649 0.007441972 -7.608887672 -0.651221871 0.079702727 0.754690289 444.366882324
0.744236231 -0.103139535 0.659905136 55.508666992 0.128672093 0.991638005 0.009872117 -7.621672153 -0.655405223 0.077564187 0.751284122 445.652923584
0.740852952 -0.102717914 0.663766384 56.604953766 0.127442196 0.991782367 0.011235670 -7.626520157 -0.659465849 0.076267883 0.747855544 446.885467529
0.737207592 -0.104059912 0.667605042 57.691680908 0.126603961 0.991843045 0.014795689 -7.626150608 -0.663699090 0.073613971 0.744368613 448.140808105
0.734021366 -0.106685832 0.670694292 58.787300110 0.126864970 0.991739750 0.018910224 -7.638834953 -0.667171597 0.071207106 0.741492808 449.320465088
0.731320858 -0.107801296 0.673460186 59.882755280 0.127526984 0.991628468 0.020247195 -7.636559963 -0.670004964 0.071077153 0.738946140 450.523590088
0.727188289 -0.105463058 0.678288162 61.007148743 0.127698615 0.991662443 0.017282937 -7.626996994 -0.674455643 0.074048504 0.734592736 451.781768799
