1.000000000 0.000000000 0.000000000 0.000000000 0.000000000 0.999961495 0.000000000 -0.000065506 0.000000000 0.000000000 0.999961495 0.000000001
0.999999940 -0.000174425 0.000222245 -0.016384020 0.000174082 0.999979615 0.001523500 -0.013532266 -0.000222507 -0.001523461 0.999979615 1.316425204
0.999998510 -0.001671215 -0.000408661 -0.017724421 0.001671884 0.999997258 0.001643391 -0.037234865 0.000405914 -0.001644072 0.999998510 2.647219658
0.999995112 -0.003092070 -0.000451305 -0.020555651 0.003092370 0.999994993 0.000664822 -0.055836089 0.000449247 -0.000666215 0.999999702 3.975173950
0.999993742 -0.003527220 -0.000238537 -0.028510347 0.003527429 0.999993384 0.000884920 -0.079080291 0.000235414 -0.000885756 0.999999583 5.307592869
0.999992192 -0.003941010 -0.000294603 -0.031717543 0.003941502 0.999990821 0.001687989 -0.099556856 0.000287948 -0.001689136 0.999998510 6.660094738
0.999985814 -0.005322380 0.000029512 -0.041966077 0.005322276 0.999981880 0.002799170 -0.115780130 -0.000044410 -0.002798974 0.999996066 7.999658585
0.999988258 -0.004843703 -0.000155600 -0.050150763 0.004844171 0.999983251 0.003155767 -0.131796062 0.000140312 -0.003156484 0.999994993 9.352053642
0.999991834 -0.004008662 -0.000381832 -0.058402590 0.004009262 0.999990642 0.001582815 -0.155855760 0.000375484 -0.001584333 0.999998689 10.708367348
0.999998987 -0.001325966 -0.000524358 -0.069445446 0.001325688 0.999998987 -0.000529999 -0.178496867 0.000525060 0.000529303 0.999999702 12.059926987
0.999997199 0.002359106 -0.000191872 -0.083391093 -0.002359398 0.999995947 -0.001537506 -0.199757412 0.000188245 0.001537954 0.999998808 13.415084839
0.999989986 0.004467015 -0.000275879 -0.093032479 -0.004467437 0.999988794 -0.001547346 -0.222106457 0.000268964 0.001548563 0.999998748 14.786372185
0.999984920 0.005475179 -0.000275935 -0.096188538 -0.005475330 0.999984801 -0.000543933 -0.247769713 0.000272953 0.000545436 0.999999762 16.151643753
0.999995649 0.002928602 0.000420470 -0.107206695 -0.002929507 0.999993384 0.002169559 -0.268383235 -0.000414114 -0.002170781 0.999997556 17.528724670
0.999999106 -0.001239510 0.000574086 -0.103698209 0.001237194 0.999991238 0.004017266 -0.285525918 -0.000579060 -0.004016552 0.999991775 18.917009354
0.999992907 -0.003745389 0.000252069 -0.114272863 0.003744928 0.999991357 0.001805731 -0.307912409 -0.000258830 -0.001804774 0.999998271 20.268465042
0.999987841 -0.004928687 0.000201813 -0.112354130 0.004928702 0.999987841 -0.000073389 -0.330015600 -0.000201448 0.000074383 0.999999940 21.656362534
0.999997675 -0.001716817 0.001310913 -0.135445043 0.001719217 0.999996841 -0.001832095 -0.349661142 -0.001307764 0.001834345 0.999997437 23.025253296
0.999998450 0.000851558 0.001519095 -0.137551844 -0.000851575 0.999999642 0.000010522 -0.374350220 -0.001519085 -0.000011815 0.999998868 24.400640488
0.999996841 0.000663718 0.002419669 -0.148223653 -0.000673724 0.999991119 0.004136796 -0.399727404 -0.002416902 -0.004138413 0.999988496 25.814077377
0.999993563 -0.001346620 0.003325903 -0.154964358 0.001327769 0.999983013 0.005663387 -0.410041481 -0.003333473 -0.005658935 0.999978423 27.210063934
0.999981701 -0.005528374 0.002454905 -0.142422259 0.005518176 0.999976158 0.004141503 -0.427726060 -0.002477742 -0.004127880 0.999988377 28.634996414
0.999982417 -0.005323815 0.002604492 -0.143720075 0.005319277 0.999984264 0.001745917 -0.437909901 -0.002613746 -0.001732032 0.999994993 30.044397354
0.999977231 -0.005899079 0.003268573 -0.153974906 0.005901689 0.999982297 -0.000789219 -0.469053000 -0.003263859 0.000808491 0.999994397 31.450712204
0.999990284 -0.001742788 0.004054016 -0.152076364 0.001749728 0.999997079 -0.001708979 -0.493180960 -0.004051025 0.001716055 0.999990344 32.856754303
0.999988973 -0.001449746 0.004473351 -0.166578546 0.001464565 0.999993384 -0.003311226 -0.526725292 -0.004468521 0.003317741 0.999984622 34.285305023
0.999989688 -0.000051328 0.004543249 -0.162224874 0.000066030 0.999994695 -0.003235849 -0.551270902 -0.004543060 0.003236116 0.999984443 35.707557678
0.999990761 -0.000469055 0.004257854 -0.166512638 0.000475693 0.999998689 -0.001558192 -0.578405976 -0.004257116 0.001560203 0.999989688 37.136310577
0.999989629 0.001362891 0.004325752 -0.176879227 -0.001362466 0.999999106 -0.000101271 -0.608300328 -0.004325885 0.000095376 0.999990642 38.570632935
0.999985278 0.003653519 0.004007517 -0.170164570 -0.003655542 0.999993205 0.000497730 -0.630754948 -0.004005672 -0.000512373 0.999991894 40.015640259
0.999974489 0.005737414 0.004238679 -0.177442580 -0.005739473 0.999983370 0.000473822 -0.656732202 -0.004235891 -0.000498138 0.999991000 41.450878143
0.999958277 0.008145012 0.004135431 -0.182361156 -0.008147327 0.999966621 0.000543172 -0.675047636 -0.004130869 -0.000576842 0.999991298 42.915252686
0.999951482 0.009004408 0.004004279 -0.195937142 -0.009006306 0.999959350 0.000456161 -0.701132536 -0.004000010 -0.000492203 0.999991894 44.369640350
0.999960840 0.008193471 0.003337201 -0.184431240 -0.008195762 0.999966204 0.000673847 -0.728224695 -0.003331567 -0.000701171 0.999994218 45.818065643
0.999966562 0.007763137 0.002621224 -0.180720538 -0.007762177 0.999969840 -0.000376446 -0.742724240 -0.002624067 0.000356088 0.999996543 47.277191162
0.999978721 0.006344730 0.001507110 -0.179321885 -0.006345336 0.999979734 0.000397592 -0.776282191 -0.001504557 -0.000407146 0.999998808 48.713882446
0.999975622 0.006956558 0.000594341 -0.188913092 -0.006957522 0.999974430 0.001635629 -0.803131342 -0.000582948 -0.001639724 0.999998510 50.178836823
0.999977231 0.006736147 -0.000334456 -0.203371972 -0.006735733 0.999976575 0.001222439 -0.820989549 0.000342683 -0.001220159 0.999999166 51.638675690
0.999974310 0.006956502 -0.001719502 -0.216946617 -0.006953765 0.999974549 0.001592630 -0.842752159 0.001730538 -0.001580633 0.999997258 53.099655151
0.999969363 0.007415918 -0.002509028 -0.220667511 -0.007409984 0.999969721 0.002366261 -0.857314825 0.002526500 -0.002347596 0.999994040 54.577823639
0.999979556 0.005672699 -0.002926183 -0.236238569 -0.005661118 0.999976158 0.003951021 -0.887229621 0.002948526 -0.003934375 0.999987960 56.024940491
0.999983251 0.004172802 -0.004021770 -0.228328288 -0.004157840 0.999984443 0.003721665 -0.904640675 0.004037237 -0.003704880 0.999985039 57.535823822
0.999988735 0.002694333 -0.003900998 -0.270344824 -0.002683790 0.999992728 0.002705135 -0.923047841 0.003908258 -0.002694634 0.999988735 59.003192902
0.999992132 0.001645085 -0.003609831 -0.294319719 -0.001632671 0.999992728 0.003438988 -0.947065890 0.003615463 -0.003433067 0.999987543 60.437114716
0.999992907 -0.000064484 -0.003794365 -0.282611936 0.000079521 0.999992073 0.003963090 -0.969553709 0.003794080 -0.003963363 0.999984920 61.932132721
0.999994397 -0.001374251 -0.003072203 -0.291485876 0.001388979 0.999987543 0.004796925 -0.990390360 0.003065573 -0.004801165 0.999983847 63.384399414
0.999991536 -0.002821777 -0.002985614 -0.291821629 0.002834886 0.999986231 0.004395576 -1.016127825 0.002973170 -0.004404003 0.999985874 64.841209412
0.999983728 -0.005316641 -0.002063109 -0.314698100 0.005323871 0.999979556 0.003515001 -1.027214050 0.002044379 -0.003525927 0.999991715 66.273765564
0.999990106 -0.003965920 -0.002015365 -0.306680351 0.003972379 0.999986947 0.003210846 -1.056600094 0.002002605 -0.003218820 0.999992788 67.745780945
0.999996305 -0.002453216 -0.001192837 -0.313181609 0.002456749 0.999992609 0.002968643 -1.074919820 0.001185545 -0.002971562 0.999994874 69.219474792
0.999999702 0.000519004 -0.000409612 -0.341537625 -0.000517230 0.999990463 0.004320857 -1.100911498 0.000411850 -0.004320644 0.999990582 70.633918762
0.999994636 0.003230350 0.000345679 -0.359892517 -0.003232231 0.999979138 0.005586714 -1.112408280 -0.000327625 -0.005587802 0.999984264 72.112274170
0.999972105 0.007348868 0.001267939 -0.365843385 -0.007356665 0.999953389 0.006257649 -1.140343428 -0.001221893 -0.006266803 0.999979556 73.527603149
0.999934912 0.011280921 0.001660629 -0.380965620 -0.011290453 0.999919236 0.005846601 -1.155998945 -0.001594540 -0.005864971 0.999981523 74.999885559
0.999883413 0.015067300 0.002477571 -0.393308669 -0.015079411 0.999874055 0.004944778 -1.167888999 -0.002402755 -0.004981561 0.999984741 76.454757690
0.999848783 0.016887132 0.004155239 -0.409108371 -0.016907739 0.999844670 0.004974973 -1.189248085 -0.004070580 -0.005044477 0.999979079 77.810432434
0.999846637 0.017175088 0.003415659 -0.404612184 -0.017192934 0.999838352 0.005265872 -1.214749217 -0.003324664 -0.005323790 0.999980330 79.315322876
0.999848127 0.016953779 0.004028646 -0.418737620 -0.016972877 0.999844670 0.004755252 -1.234567642 -0.003947400 -0.004822908 0.999980569 80.728050232
0.999886334 0.014661671 0.003543848 -0.412767112 -0.014676798 0.999883115 0.004281405 -1.262067914 -0.003480662 -0.004332930 0.999984562 82.183937073
0.999897242 0.014046217 0.002859255 -0.397588432 -0.014058286 0.999892175 0.004246770 -1.280425906 -0.002799296 -0.004286529 0.999986887 83.606338501
0.999906719 0.013391776 0.002690754 -0.408307523 -0.013404254 0.999899149 0.004674951 -1.301697135 -0.002627877 -0.004710582 0.999985456 85.059387207
0.999914765 0.012895083 0.002053676 -0.412366867 -0.012902950 0.999909222 0.003862738 -1.316037536 -0.002003679 -0.003888906 0.999990404 86.487045288
0.999906778 0.013581297 0.001409327 -0.428480297 -0.013587326 0.999898195 0.004360317 -1.340725183 -0.001349965 -0.004379060 0.999989510 87.922645569
0.999917150 0.012852451 0.000691004 -0.431491643 -0.012855728 0.999904990 0.004967903 -1.353603840 -0.000627089 -0.004976376 0.999987483 89.337799072
0.999943554 0.010614220 -0.000512171 -0.453584969 -0.010610814 0.999924123 0.006248697 -1.379267573 0.000578457 -0.006242909 0.999980330 90.767913818
0.999959469 0.008889794 -0.001428549 -0.464976043 -0.008879861 0.999937236 0.006816179 -1.401378989 0.001489054 -0.006803218 0.999975741 92.150001526
0.999978423 0.006001665 -0.002672551 -0.463126540 -0.005983469 0.999959230 0.006765138 -1.418540955 0.002713044 -0.006749001 0.999973595 93.605110168
0.999981701 0.005162783 -0.003137636 -0.470449120 -0.005143192 0.999967456 0.006219836 -1.443956733 0.003169645 -0.006203584 0.999975801 95.014404297
0.999986231 0.004106739 -0.003275530 -0.487886578 -0.004087573 0.999974549 0.005836648 -1.457041144 0.003299416 -0.005823179 0.999977589 96.419769287
0.999986410 0.004461003 -0.002690260 -0.512748063 -0.004446981 0.999976575 0.005195811 -1.474866629 0.002713375 -0.005183777 0.999982834 97.808219910
0.999987483 0.003737751 -0.003327514 -0.511405587 -0.003721438 0.999981105 0.004895343 -1.498280168 0.003345748 -0.004882898 0.999982476 99.217048645
0.999984741 0.004599993 -0.003053516 -0.530060291 -0.004586907 0.999980390 0.004278943 -1.520005465 0.003073139 -0.004264871 0.999986231 100.601638794
0.999979973 0.005783716 -0.002560627 -0.546053648 -0.005772023 0.999972999 0.004550247 -1.539689422 0.002586875 -0.004535376 0.999986291 101.961822510
0.999978423 0.005864108 -0.002952001 -0.536240935 -0.005845458 0.999963224 0.006286885 -1.568885922 0.002988759 -0.006269494 0.999975860 103.374771118
0.999966145 0.007965096 -0.002131523 -0.564216077 -0.007949223 0.999941349 0.007355582 -1.582794428 0.002189986 -0.007338388 0.999970675 104.778137207
0.999976099 0.006413071 -0.002598789 -0.557819366 -0.006396212 0.999958813 0.006445416 -1.600427270 0.002640016 -0.006428638 0.999975860 106.136924744
0.999969304 0.007535094 -0.002158726 -0.582866251 -0.007527299 0.999965131 0.003596955 -1.616836667 0.002185754 -0.003580596 0.999991238 107.558731079
0.999975801 0.006645523 -0.002056186 -0.601391971 -0.006640933 0.999975383 0.002231716 -1.632769704 0.002070967 -0.002218007 0.999995410 108.933555603
0.999988258 0.004061244 -0.002641573 -0.587727845 -0.004051072 0.999984384 0.003845062 -1.660545349 0.002657148 -0.003834315 0.999989152 110.341850281
0.999995053 0.002852374 -0.001330617 -0.614953756 -0.002844786 0.999979854 0.005670511 -1.680394769 0.001346764 -0.005666697 0.999983072 111.719772339
0.999999702 0.000045242 -0.000776207 -0.620141804 -0.000040364 0.999980271 0.006283061 -1.696735024 0.000776476 -0.006283030 0.999979973 113.134284973
0.999999762 -0.000713713 -0.000107421 -0.617300987 0.000714196 0.999989390 0.004561609 -1.709470034 0.000104164 -0.004561685 0.999989569 114.510040283
0.999999225 0.001016592 0.000649897 -0.631824434 -0.001018350 0.999995768 0.002711041 -1.733037114 -0.000647138 -0.002711701 0.999996126 115.908813477
0.999994755 0.002682545 0.001819219 -0.635316908 -0.002683744 0.999996126 0.000657360 -1.750036836 -0.001817448 -0.000662239 0.999998152 117.257499695
0.999975741 0.006231906 0.003111915 -0.645304501 -0.006233495 0.999980390 0.000501328 -1.770824790 -0.003108729 -0.000520714 0.999995053 118.654327393
0.999960303 0.007598874 0.004651977 -0.650654078 -0.007609443 0.999968469 0.002258370 -1.786468863 -0.004634669 -0.002293679 0.999986708 120.044219971
0.999959171 0.007066166 0.005631143 -0.654523790 -0.007093464 0.999963105 0.004842720 -1.809598565 -0.005596715 -0.004882467 0.999972403 121.401550293
0.999951780 0.006860593 0.007033344 -0.664894164 -0.006899446 0.999961019 0.005514928 -1.833449721 -0.006995234 -0.005563188 0.999960124 122.762138367
0.999945939 0.007238763 0.007458837 -0.650154889 -0.007273572 0.999962807 0.004650294 -1.839486122 -0.007424897 -0.004704295 0.999961376 124.157669067
0.999915421 0.009525442 0.008853424 -0.645275116 -0.009562426 0.999945641 0.004144239 -1.865425706 -0.008813470 -0.004228549 0.999952197 125.523635864
0.999898195 0.010168786 0.010006926 -0.643583119 -0.010208133 0.999940276 0.003888839 -1.867101908 -0.009966785 -0.003990596 0.999942303 126.934761047
0.999863088 0.012303793 0.011065573 -0.639037788 -0.012332301 0.999920726 0.002511658 -1.892485380 -0.011033793 -0.002647778 0.999935567 128.316513062
0.999831498 0.013834829 0.012066416 -0.630994499 -0.013851526 0.999903142 0.001301367 -1.906827331 -0.012047243 -0.001468286 0.999926329 129.689147949
0.999834001 0.012561108 0.013196065 -0.620647967 -0.012580523 0.999919891 0.001389288 -1.928919315 -0.013177557 -0.001555071 0.999911964 131.075988770
0.999824882 0.012298967 0.014100130 -0.616529703 -0.012339806 0.999919891 0.002813144 -1.961340070 -0.014064402 -0.002986645 0.999896705 132.462463379
0.999831617 0.010830164 0.014815507 -0.597297311 -0.010879589 0.999935448 0.003259573 -1.965954423 -0.014779250 -0.003420210 0.999884963 133.873046875
0.999825239 0.010650043 0.015367011 -0.581263781 -0.010704916 0.999936521 0.003492934 -1.990412951 -0.015328835 -0.003656826 0.999875844 135.232681274
0.999849141 0.008341704 0.015233424 -0.570247531 -0.008400869 0.999957323 0.003823963 -2.010806084 -0.015200878 -0.003951360 0.999876618 136.644088745
0.999866724 0.006617224 0.014924739 -0.556740820 -0.006684227 0.999967754 0.004444040 -2.025823593 -0.014894852 -0.004543208 0.999878764 138.047897339
0.999880075 0.005101514 0.014616966 -0.544081151 -0.005158277 0.999979317 0.003848400 -2.038219452 -0.014597029 -0.003923337 0.999885738 139.407745361
0.999903083 0.004019354 0.013328686 -0.530880034 -0.004071523 0.999984086 0.003889200 -2.064878464 -0.013312845 -0.003943091 0.999903619 140.813827515
0.999916077 0.002701240 0.012669702 -0.535117984 -0.002762414 0.999984562 0.004813383 -2.082437754 -0.012656506 -0.004847977 0.999908209 142.188095093
0.999935806 0.001300739 0.011258244 -0.497911006 -0.001357470 0.999986410 0.005032862 -2.104370356 -0.011251544 -0.005047822 0.999923885 143.604431152
0.999947608 0.001119623 0.010176749 -0.491052568 -0.001172543 0.999985754 0.005195584 -2.124678612 -0.010170789 -0.005207243 0.999934733 144.979751587
0.999963760 0.000494847 0.008498039 -0.467727304 -0.000532478 0.999990046 0.004426544 -2.138828754 -0.008495763 -0.004430909 0.999954045 146.393493652
0.999970973 0.000397626 0.007607473 -0.471168250 -0.000429331 0.999991179 0.004166421 -2.161571026 -0.007605749 -0.004169566 0.999962389 147.784423828
0.999978304 -0.001670522 0.006368797 -0.453636259 0.001659222 0.999997020 0.001779114 -2.180454969 -0.006371750 -0.001768508 0.999978125 149.191802979
0.999962032 -0.006822125 0.005411154 -0.451230496 0.006819276 0.999976635 0.000544787 -2.190830231 -0.005414744 -0.000507866 0.999985158 150.579895020
0.999885082 -0.014540210 0.004292179 -0.437706321 0.014524019 0.999887407 0.003779051 -2.228654861 -0.004346643 -0.003716278 0.999983668 151.992202759
0.999758124 -0.021852795 0.002508741 -0.419873178 0.021839421 0.999747753 0.005240385 -2.237482548 -0.002622625 -0.005184329 0.999983132 153.389968872
0.999659956 -0.026040373 0.001375879 -0.422731638 0.026037656 0.999659121 0.001954352 -2.268664598 -0.001426303 -0.001917864 0.999997139 154.779006958
0.999695063 -0.024611028 0.002000997 -0.418016464 0.024613405 0.999696493 -0.001172898 -2.288315535 -0.001971524 0.001221792 0.999997318 156.169738770
0.999786377 -0.020440230 0.003060218 -0.416059256 0.020450588 0.999785125 -0.003393640 -2.319078922 -0.002990194 0.003455498 0.999989629 157.573837280
0.999773383 -0.020897876 0.004053281 -0.436337918 0.020911414 0.999775767 -0.003326490 -2.346010447 -0.003982855 0.003410496 0.999986231 158.954696655
0.999687970 -0.024542570 0.004656992 -0.430932760 0.024541426 0.999698758 0.000303078 -2.372750282 -0.004663028 -0.000188694 0.999989092 160.367492676
0.999579310 -0.028520657 0.005272198 -0.418075055 0.028509457 0.999591112 0.002188279 -2.382565498 -0.005332453 -0.002037050 0.999983668 161.766967773
0.999461472 -0.032482699 0.004648758 -0.394200563 0.032464989 0.999465525 0.003835935 -2.400299311 -0.004770874 -0.003682948 0.999981821 163.164001465
0.999351919 -0.035641406 0.005043760 -0.392604411 0.035619825 0.999356151 0.004306948 -2.425659180 -0.005194018 -0.004124498 0.999978065 164.561309814
0.999465168 -0.032137897 0.006047662 -0.394420505 0.032112367 0.999475241 0.004271654 -2.433349371 -0.006181770 -0.004075165 0.999972582 165.967498779
0.999588311 -0.027790306 0.007132236 -0.395545214 0.027767332 0.999608934 0.003300758 -2.451264620 -0.007221175 -0.003101356 0.999969184 167.373687744
0.999668658 -0.024318293 0.008432711 -0.411850691 0.024310943 0.999704003 0.000972393 -2.466592312 -0.008453861 -0.000767064 0.999963939 168.773208618
0.999717712 -0.021984361 0.009003020 -0.398314774 0.021978991 0.999758184 0.000694812 -2.493445396 -0.009016117 -0.000496739 0.999959230 170.187652588
0.999757588 -0.020376779 0.008329313 -0.369493484 0.020354612 0.999789119 0.002737307 -2.532000303 -0.008383334 -0.002567104 0.999961555 171.643371582
0.999793887 -0.018634940 0.008058348 -0.371835917 0.018622607 0.999825299 0.001602897 -2.532815933 -0.008086812 -0.001452499 0.999966264 173.085525513
0.999839962 -0.015778923 0.008431391 -0.373941839 0.015786381 0.999875009 -0.000818798 -2.563282728 -0.008417417 0.000951768 0.999964118 174.395523071
0.999898136 -0.011888001 0.007908002 -0.370346040 0.011914849 0.999923348 -0.003356629 -2.600744247 -0.007867493 0.003450509 0.999963105 175.801345825
0.999940932 -0.007307112 0.008046590 -0.381463259 0.007346784 0.999961019 -0.004911821 -2.609203339 -0.008010385 0.004970648 0.999955595 177.228057861
0.999963045 -0.001238975 0.008498670 -0.396162927 0.001270910 0.999992132 -0.003753275 -2.654332638 -0.008493954 0.003763937 0.999956727 178.621520996
0.999960601 0.001038231 0.008818571 -0.397947222 -0.001021855 0.999997735 -0.001861194 -2.680098534 -0.008820483 0.001852110 0.999959290 180.080490112
0.999946654 0.002865472 0.009917544 -0.404088974 -0.002861576 0.999995828 -0.000407036 -2.695048809 -0.009918668 0.000378635 0.999950647 181.428359985
0.999969780 -0.001281313 0.007667508 -0.353258908 0.001272748 0.999998569 0.001121877 -2.715030432 -0.007668936 -0.001112084 0.999969959 182.872131348
0.999973834 -0.006246778 0.003635668 -0.271530658 0.006239964 0.999978781 0.001882735 -2.738809347 -0.003647353 -0.001860000 0.999991596 184.390228271
0.999983191 -0.003894401 0.004294364 -0.339611590 0.003906761 0.999988258 -0.002873558 -2.766570807 -0.004283122 0.002890287 0.999986649 185.724136353
0.999994576 -0.002365565 0.002275176 -0.338686377 0.002381013 0.999973953 -0.006811189 -2.799008369 -0.002259005 0.006816569 0.999974132 187.173706055
0.999992192 0.003446712 0.001967374 -0.454790235 -0.003430658 0.999961257 -0.008105998 -2.854338408 -0.001995237 0.008099185 0.999965191 188.764572144
0.999976456 0.006856599 0.000278940 -0.296680421 -0.006854740 0.999957263 -0.006191736 -2.900680304 -0.000321383 0.006189677 0.999980748 190.090530396
0.999964952 0.008124512 0.002033071 -0.395897657 -0.008117681 0.999961436 -0.003345545 -2.898189306 -0.002060174 0.003328924 0.999992311 191.496902466
0.999944508 0.010004655 0.003318623 -0.414981961 -0.010000284 0.999949098 -0.001330953 -2.907624245 -0.003331769 0.001297691 0.999993563 192.885513306
0.999957621 0.008600011 0.003301152 -0.428643972 -0.008599364 0.999962986 -0.000209573 -2.943197489 -0.003302832 0.000181176 0.999994516 194.373443604
0.999973297 0.006887691 0.002443184 -0.402137756 -0.006886912 0.999976218 -0.000327518 -2.954603195 -0.002445383 0.000310683 0.999996901 195.815155029
0.999984980 0.004569572 0.003005330 -0.402415961 -0.004571370 0.999989390 0.000591713 -2.982710123 -0.003002594 -0.000605443 0.999995232 197.252227783
0.999994159 0.001446837 0.003101292 -0.397672772 -0.001447465 0.999998987 0.000200035 -2.994326591 -0.003100999 -0.000204523 0.999995112 198.729690552
0.999993682 -0.001937515 0.002975830 -0.381907463 0.001933339 0.999997139 0.001405497 -3.024849892 -0.002978544 -0.001399735 0.999994576 200.138214111
0.999977589 -0.005887520 0.003195687 -0.369532883 0.005877645 0.999977946 0.003091065 -3.046587467 -0.003213815 -0.003072212 0.999990165 201.576721191
0.999955833 -0.008675703 0.003602047 -0.356860965 0.008666153 0.999958992 0.002658480 -3.063826323 -0.003624963 -0.002627146 0.999989927 203.021469116
0.999970794 -0.006496208 0.004004816 -0.362561762 0.006501138 0.999978125 -0.001219236 -3.096968889 -0.003996808 0.001245237 0.999991238 204.464111328
0.999989331 0.000581738 0.004559629 -0.389518291 -0.000548627 0.999973476 -0.007259884 -3.092464209 -0.004563732 0.007257306 0.999963224 205.946884155
0.999938369 0.009556848 0.005652369 -0.391601115 -0.009520431 0.999933898 -0.006434972 -3.148545742 -0.005713495 0.006380762 0.999963284 207.426803589
0.999854863 0.015829800 0.006306441 -0.382251948 -0.015813185 0.999871373 -0.002675250 -3.177636623 -0.006347978 0.002575137 0.999976516 208.892623901
0.999797463 0.018521326 0.007866162 -0.407205969 -0.018517110 0.999828339 -0.000608080 -3.203171730 -0.007876073 0.000462298 0.999968827 210.388961792
0.999834180 0.016750168 0.007139648 -0.386248678 -0.016748140 0.999859691 -0.000343813 -3.221354246 -0.007144406 0.000224180 0.999974430 211.890731812
0.999894977 0.013236131 0.005898615 -0.388452977 -0.013233804 0.999912322 -0.000433321 -3.241018772 -0.005903834 0.000355215 0.999982476 213.370819092
0.999919116 0.011529548 0.005352815 -0.396040738 -0.011523534 0.999932945 -0.001153128 -3.262463570 -0.005365751 0.001091352 0.999984980 214.848861694
0.999919713 0.011848886 0.004494993 -0.382041961 -0.011842394 0.999928832 -0.001467540 -3.298161507 -0.004512060 0.001414191 0.999988914 216.353256226
0.999906600 0.012999941 0.004233273 -0.383312553 -0.012994705 0.999914825 -0.001262237 -3.322780132 -0.004249321 0.001207109 0.999990225 217.833648682
0.999888003 0.014374598 0.004168031 -0.386254609 -0.014372766 0.999896526 -0.000469594 -3.348534584 -0.004174350 0.000409635 0.999991179 219.357330322
0.999892056 0.014218775 0.003682364 -0.379908979 -0.014215194 0.999898434 -0.000997297 -3.376325607 -0.003696170 0.000944844 0.999992669 220.871810913
0.999905527 0.013317289 0.003401979 -0.387322187 -0.013311137 0.999909759 -0.001824479 -3.403998375 -0.003425969 0.001779022 0.999992490 222.386581421
0.999902129 0.013496807 0.003678901 -0.409458220 -0.013486654 0.999905288 -0.002770646 -3.418675900 -0.003715948 0.002720759 0.999989390 223.874862671
0.999916434 0.012640682 0.002705870 -0.388258666 -0.012634586 0.999917626 -0.002258202 -3.463278770 -0.002734192 0.002223826 0.999993742 225.396041870
0.999913275 0.012899814 0.002637923 -0.394647062 -0.012893196 0.999913692 -0.002509644 -3.483457804 -0.002670069 0.002475415 0.999993324 226.900360107
0.999912977 0.013020333 0.002128555 -0.393146485 -0.013014767 0.999911904 -0.002608021 -3.515971661 -0.002162325 0.002580091 0.999994278 228.442382812
0.999900997 0.013996677 0.001473105 -0.394209802 -0.013991500 0.999896049 -0.003467610 -3.533908367 -0.001521487 0.003446656 0.999992907 229.976516724
0.999907911 0.013541398 0.000841806 -0.389040112 -0.013538741 0.999903560 -0.003087465 -3.576809883 -0.000883533 0.003075784 0.999994874 231.512069702
0.999899030 0.014196672 0.000582951 -0.394053280 -0.014194836 0.999894619 -0.003042085 -3.611291170 -0.000626077 0.003033503 0.999995232 233.052673340
0.999912858 0.013180158 0.000653653 -0.407803327 -0.013178063 0.999908328 -0.003112361 -3.630185843 -0.000694615 0.003103476 0.999994934 234.567733765
0.999930263 0.011722924 0.001413581 -0.447495848 -0.011717567 0.999924362 -0.003741030 -3.648126125 -0.001457330 0.003724205 0.999992073 236.111465454
0.999947727 0.010210336 0.000544774 -0.415316343 -0.010208542 0.999942780 -0.003197964 -3.689889193 -0.000577396 0.003192236 0.999994695 237.653411865
0.999957860 0.009108890 0.001128316 -0.421541840 -0.009106130 0.999955654 -0.002425863 -3.719179392 -0.001150362 0.002415488 0.999996424 239.163848877
0.999956965 0.009222656 0.000916940 -0.436807245 -0.009220303 0.999954283 -0.002536591 -3.742925644 -0.000940292 0.002528029 0.999996364 240.730911255
0.999957383 0.009169920 0.001047879 -0.444030315 -0.009167323 0.999954939 -0.002458234 -3.780735493 -0.001070374 0.002448523 0.999996424 242.270309448
0.999948502 0.010101092 0.000990731 -0.444912225 -0.010098168 0.999944746 -0.002913592 -3.817869902 -0.001020107 0.002903438 0.999995232 243.811645508
0.999936879 0.011018971 0.002216657 -0.466549307 -0.011013618 0.999936402 -0.002412793 -3.836093187 -0.002243102 0.002388227 0.999994636 245.343750000
0.999929547 0.011642856 0.002282047 -0.461230755 -0.011641445 0.999931991 -0.000630238 -3.862011671 -0.002289230 0.000603628 0.999997199 246.918701172
0.999917626 0.012416854 0.003243847 -0.476020277 -0.012415572 0.999922812 -0.000415060 -3.891071320 -0.003248751 0.000374752 0.999994695 248.471710205
0.999919474 0.012168525 0.003598026 -0.474412173 -0.012160931 0.999923766 -0.002125018 -3.909077883 -0.003623610 0.002081092 0.999991238 250.009719849
0.999915361 0.012371616 0.004040602 -0.476527900 -0.012358228 0.999918044 -0.003321522 -3.946547747 -0.004081364 0.003271306 0.999986351 251.562591553
0.999912739 0.012491815 0.004290962 -0.475853652 -0.012481130 0.999918938 -0.002508186 -3.975689411 -0.004321946 0.002454412 0.999987662 253.114257812
0.999912858 0.012709031 0.003581689 -0.459781080 -0.012702626 0.999917686 -0.001805596 -4.004542828 -0.003604341 0.001759942 0.999992013 254.682601929
0.999918342 0.012277001 0.003542360 -0.469815552 -0.012274113 0.999924302 -0.000836675 -4.040531158 -0.003552363 0.000793128 0.999993384 256.252532959
0.999912739 0.012701103 0.003627083 -0.478377610 -0.012695977 0.999918401 -0.001433179 -4.054873943 -0.003644990 0.001387005 0.999992430 257.811126709
0.999897659 0.013855715 0.003554282 -0.478524059 -0.013852946 0.999903738 -0.000802898 -4.089468956 -0.003565065 0.000753579 0.999993324 259.375823975
0.999879003 0.015232245 0.003141462 -0.466777861 -0.015228219 0.999883175 -0.001301583 -4.105890751 -0.003160920 0.001253587 0.999994218 260.944549561
0.999866426 0.015819158 0.004108210 -0.499875486 -0.015815584 0.999874532 -0.000901813 -4.139328957 -0.004121961 0.000836719 0.999991179 262.499176025
0.999891639 0.014323567 0.003399865 -0.485786825 -0.014323051 0.999897420 -0.000176727 -4.179779053 -0.003402048 0.000128012 0.999994218 264.104095459
0.999909163 0.012794541 0.004238431 -0.509191990 -0.012794092 0.999918163 -0.000132567 -4.191392899 -0.004239781 0.000078329 0.999991000 265.662902832
0.999929488 0.010960021 0.004571599 -0.515628040 -0.010959227 0.999939978 -0.000198572 -4.207716465 -0.004573501 0.000148457 0.999989510 267.247009277
0.999957800 0.008331623 0.003870475 -0.509513795 -0.008331285 0.999965310 -0.000103479 -4.246574879 -0.003871202 0.000071228 0.999992609 268.816528320
0.999968231 0.007265470 0.003285283 -0.504867375 -0.007262480 0.999973238 -0.000921790 -4.280179024 -0.003291893 0.000897901 0.999994218 270.409484863
0.999977887 0.005265689 0.004063689 -0.508709311 -0.005268589 0.999985874 0.000703212 -4.297357082 -0.004059928 -0.000724607 0.999991536 271.963470459
0.999985814 0.002139298 0.004878082 -0.530743301 -0.002154004 0.999993205 0.003011312 -4.317641735 -0.004871607 -0.003021777 0.999983549 273.522918701
0.999987423 0.002279090 0.004461161 -0.504055917 -0.002284624 0.999996603 0.001235886 -4.334892273 -0.004458329 -0.001246062 0.999989271 275.096679688
0.999987245 0.002351722 0.004455850 -0.490265578 -0.002353511 0.999997139 0.000396582 -4.365540504 -0.004454905 -0.000407064 0.999989986 276.677703857
0.999979258 0.003133339 0.005620656 -0.502758503 -0.003135476 0.999995053 0.000371606 -4.391489029 -0.005619463 -0.000389221 0.999984145 278.200469971
0.999965072 0.005475336 0.006309095 -0.501334250 -0.005477028 0.999985039 0.000250928 -4.417028904 -0.006307627 -0.000285474 0.999980092 279.774688721
0.999950647 0.006538434 0.007477629 -0.504829824 -0.006538911 0.999978602 0.000039244 -4.444254875 -0.007477212 -0.000088137 0.999972045 281.332580566
0.999922335 0.008936779 0.008682372 -0.508577704 -0.008931372 0.999959826 -0.000661124 -4.472459793 -0.008687932 0.000583527 0.999962091 282.924377441
0.999916613 0.008788304 0.009464098 -0.500944316 -0.008783454 0.999961197 -0.000554058 -4.499891758 -0.009468602 0.000470885 0.999954998 284.460754395
0.999906242 0.009734705 0.009639026 -0.492282033 -0.009715054 0.999950647 -0.002083478 -4.513652802 -0.009658833 0.001989639 0.999951363 286.039581299
0.999897361 0.008755397 0.011340768 -0.489910513 -0.008732758 0.999959767 -0.002044383 -4.548800468 -0.011358210 0.001945137 0.999933541 287.593139648
0.999885857 0.008918839 0.012195542 -0.476044148 -0.008901811 0.999959350 -0.001449875 -4.586039543 -0.012207975 0.001341147 0.999924600 289.132934570
0.999886692 0.007531106 0.013035308 -0.469424009 -0.007521869 0.999971390 -0.000757471 -4.605402946 -0.013040641 0.000659335 0.999914765 290.717651367
0.999896109 0.006085814 0.013066197 -0.461548269 -0.006072284 0.999980986 -0.001074993 -4.610146046 -0.013072491 0.000995540 0.999914110 292.283142090
0.999892294 0.006525347 0.013144272 -0.426904321 -0.006487276 0.999974668 -0.002937132 -4.662828445 -0.013163103 0.002851545 0.999909282 293.813873291
0.999902725 0.005568591 0.012790754 -0.416052818 -0.005504908 0.999972343 -0.005008758 -4.697874069 -0.012818291 0.004937859 0.999905646 295.355133057
0.999916315 0.005218869 0.011836245 -0.396630913 -0.005160915 0.999974549 -0.004921563 -4.733180046 -0.011861629 0.004860067 0.999917805 296.949462891
0.999928057 0.004062607 0.011283441 -0.400334150 -0.004000726 0.999976873 -0.005501450 -4.743577957 -0.011305531 0.005455913 0.999921203 298.519195557
0.999942839 0.004015129 0.009921380 -0.369816482 -0.003957036 0.999974966 -0.005867962 -4.785706520 -0.009944693 0.005828367 0.999933600 300.080871582
0.999945819 0.004210465 0.009523535 -0.366848230 -0.004151651 0.999972165 -0.006186928 -4.813144684 -0.009549321 0.006147054 0.999935567 301.650878906
0.999955297 0.004165453 0.008485434 -0.351816446 -0.004118187 0.999975979 -0.005580126 -4.850162983 -0.008508474 0.005544932 0.999948442 303.218994141
0.999965966 0.003632709 0.007402448 -0.333327591 -0.003594689 0.999980390 -0.005143074 -4.893245220 -0.007420987 0.005116289 0.999959409 304.763488770
0.999971688 0.003727057 0.006528303 -0.331636041 -0.003701946 0.999985695 -0.003854328 -4.925979614 -0.006542576 0.003830053 0.999971271 306.350433350
0.999966979 0.005136357 0.006286218 -0.339006096 -0.005118790 0.999982893 -0.002807230 -4.947484970 -0.006300529 0.002774960 0.999976277 307.926757812
0.999957025 0.006217821 0.006867106 -0.327912837 -0.006200222 0.999977469 -0.002581283 -4.977474689 -0.006883000 0.002538594 0.999973238 309.496917725
0.999950588 0.006509845 0.007509076 -0.317743242 -0.006487305 0.999974430 -0.003022302 -5.000570297 -0.007528559 0.002973439 0.999967277 311.094757080
0.999953389 0.005050238 0.008228966 -0.316392869 -0.005027341 0.999983430 -0.002800805 -5.039445877 -0.008242974 0.002759304 0.999962211 312.626708984
0.999954939 0.003303631 0.008892545 -0.323587388 -0.003268674 0.999986827 -0.003942707 -5.064490795 -0.008905453 0.003913463 0.999952734 314.222717285
0.999958277 0.001714310 0.008962690 -0.308494359 -0.001660742 0.999980748 -0.005980795 -5.095620632 -0.008972769 0.005965660 0.999941945 315.788543701
0.999959767 0.001673214 0.008808618 -0.298632950 -0.001614417 0.999976397 -0.006677867 -5.126818180 -0.008819584 0.006663376 0.999938905 317.392578125
0.999975085 0.002176179 0.006715873 -0.295671731 -0.002121690 0.999964774 -0.008109963 -5.156591415 -0.006733286 0.008095509 0.999944568 318.998626709
0.999982357 0.003329471 0.004919919 -0.298655778 -0.003290728 0.999963641 -0.007862054 -5.177003384 -0.004945918 0.007845724 0.999956965 320.582458496
0.999983668 0.003978087 0.004093224 -0.285766214 -0.003962003 0.999984384 -0.003930042 -5.234629154 -0.004108794 0.003913761 0.999983907 322.230895996
0.999987185 0.002035109 0.004640771 -0.282176405 -0.002030314 0.999997377 -0.001037813 -5.258941174 -0.004642871 0.001028378 0.999988735 323.848846436
0.999987423 0.001836104 0.004660854 -0.276412100 -0.001834465 0.999998152 -0.000355756 -5.290871143 -0.004661498 0.000347202 0.999988973 325.469146729
0.999985933 0.001606381 0.005039480 -0.280700892 -0.001598416 0.999997437 -0.001584071 -5.320882320 -0.005042012 0.001575994 0.999986053 327.072509766
0.999985993 -0.000280811 0.005285990 -0.275459081 0.000288862 0.999998808 -0.001522378 -5.345684052 -0.005285555 0.001523884 0.999984860 328.690917969
0.999984026 -0.000401695 0.005627090 -0.276046157 0.000410079 0.999998748 -0.001488959 -5.367683411 -0.005626485 0.001491243 0.999983072 330.301513672
0.999981046 0.000264954 0.006140111 -0.272210360 -0.000256166 0.999998927 -0.001432007 -5.404245377 -0.006140483 0.001430408 0.999980152 331.910705566
0.999971032 0.003056279 0.006975912 -0.278438747 -0.003037551 0.999991775 -0.002693662 -5.436482906 -0.006984088 0.002672395 0.999972105 333.495819092
0.999968290 0.002614769 0.007523347 -0.279115945 -0.002593082 0.999992490 -0.002890868 -5.467419147 -0.007530850 0.002871267 0.999967456 335.109436035
0.999965131 0.000815450 0.008311830 -0.274445295 -0.000809696 0.999999523 -0.000695562 -5.498815536 -0.008312392 0.000688807 0.999965191 336.698455811
0.999963582 -0.000029627 0.008537465 -0.267416298 0.000029086 1.000000000 0.000063479 -5.531919479 -0.008537466 -0.000063229 0.999963522 338.292022705
0.999964893 -0.000755508 0.008353471 -0.262742639 0.000769092 0.999998391 -0.001623045 -5.558921814 -0.008352230 0.001629413 0.999963820 339.863037109
0.999960780 0.001551771 0.008718530 -0.257082343 -0.001538438 0.999997556 -0.001535707 -5.592522144 -0.008720892 0.001522233 0.999960840 341.492187500
0.999961019 0.003109339 0.008261326 -0.247509226 -0.003080450 0.999989033 -0.003507199 -5.631591797 -0.008272141 0.003481613 0.999959707 343.095184326
0.999960423 0.004828364 0.007475629 -0.241416588 -0.004782238 0.999969482 -0.006175637 -5.665481091 -0.007505219 0.006139642 0.999953091 344.696533203
0.999956608 0.005872014 0.007232766 -0.251348346 -0.005831309 0.999967158 -0.005636122 -5.697528839 -0.007265624 0.005593701 0.999957919 346.281463623
0.999958217 0.007123195 0.005726831 -0.229981482 -0.007108811 0.999971569 -0.002528503 -5.731806278 -0.005744677 0.002487686 0.999980450 347.895690918
0.999955058 0.008265541 0.004631205 -0.228168100 -0.008266771 0.999965787 0.000246358 -5.761831284 -0.004629010 -0.000284632 0.999989271 349.504852295
0.999955297 0.008926224 0.003159008 -0.230776325 -0.008923429 0.999959826 -0.000898105 -5.791734219 -0.003166898 0.000869876 0.999994576 351.090789795
0.999963343 0.008415760 0.001596017 -0.243189856 -0.008411420 0.999961019 -0.002707580 -5.819083214 -0.001618741 0.002694056 0.999995112 352.680572510
0.999978781 0.006487684 -0.000550623 -0.233584926 -0.006488082 0.999978662 -0.000724899 -5.860682487 0.000545908 0.000728456 0.999999583 354.237304688
0.999987006 0.004915424 -0.001334636 -0.244135201 -0.004915614 0.999987900 -0.000138974 -5.898838997 0.001333937 0.000145532 0.999999106 355.807342529
0.999986112 0.004934557 -0.001836161 -0.250354558 -0.004936529 0.999987245 -0.001070864 -5.915837765 0.001830854 0.001079913 0.999997735 357.400970459
0.999989688 0.004131955 -0.001864518 -0.268703580 -0.004135187 0.999989986 -0.001732723 -5.949800014 0.001857340 0.001740415 0.999996781 359.014953613
0.999988139 0.004366913 -0.002156269 -0.278488219 -0.004372410 0.999987185 -0.002551220 -5.965537071 0.002145100 0.002560618 0.999994397 360.576385498
0.999992251 0.003105520 -0.002407748 -0.286827534 -0.003111978 0.999991536 -0.002682822 -5.993134499 0.002399396 0.002690294 0.999993503 362.145080566
0.999992192 0.003331108 -0.002120950 -0.296252072 -0.003337870 0.999989331 -0.003192832 -6.028849602 0.002110292 0.003199887 0.999992669 363.743682861
0.999989808 0.004107248 -0.001899256 -0.313872576 -0.004114578 0.999984026 -0.003871712 -6.065209389 0.001883324 0.003879488 0.999990761 365.319213867
0.999994099 0.002961138 -0.001741041 -0.326561034 -0.002967642 0.999988496 -0.003744606 -6.095054626 0.001729933 0.003749751 0.999991477 366.895141602
0.999994338 0.002994020 -0.001535750 -0.344061941 -0.003001130 0.999984622 -0.004648645 -6.120381832 0.001521808 0.004653228 0.999988019 368.472930908
0.999996424 0.001524166 -0.002192099 -0.333362281 -0.001537336 0.999980688 -0.006018752 -6.161079407 0.002182883 0.006022101 0.999979436 370.065795898
0.999997497 0.000493157 -0.002194873 -0.338692814 -0.000502622 0.999990582 -0.004313909 -6.191120625 0.002192725 0.004315002 0.999988317 371.618591309
0.999997079 -0.001411250 -0.001959494 -0.350824982 0.001404875 0.999993742 -0.003250524 -6.228991985 0.001964069 0.003247761 0.999992788 373.207855225
0.999996781 -0.001673836 -0.001939065 -0.354115784 0.001665237 0.999988854 -0.004427583 -6.261249065 0.001946454 0.004424340 0.999988258 374.769989014
0.999998033 -0.000774543 -0.001817643 -0.363188982 0.000765528 0.999987423 -0.004955243 -6.291954517 0.001821458 0.004953843 0.999986053 376.372131348
0.999999404 0.000507403 -0.001000180 -0.387410581 -0.000511368 0.999991894 -0.003968480 -6.327420235 0.000998158 0.003968989 0.999991655 377.929840088
0.999998391 0.001391670 -0.001154931 -0.389955580 -0.001395235 0.999994159 -0.003091292 -6.358860493 0.001150622 0.003092899 0.999994516 379.541351318
0.999997914 0.001701560 -0.001197492 -0.397539675 -0.001705465 0.999993205 -0.003267682 -6.393903255 0.001191924 0.003269717 0.999993980 381.163146973
0.999998331 0.001808840 -0.000351146 -0.415675581 -0.001810328 0.999989212 -0.004283268 -6.420264721 0.000343395 0.004283896 0.999990761 382.718414307
0.999997914 0.002023859 -0.000106551 -0.427585959 -0.002024367 0.999985397 -0.005002205 -6.448661804 0.000096425 0.005002411 0.999987483 384.326721191
0.999998331 0.001777828 -0.000357692 -0.424939871 -0.001779263 0.999990225 -0.004053039 -6.497742653 0.000350483 0.004053668 0.999991655 385.942199707
0.999992013 0.003984713 0.000132516 -0.443428129 -0.003984085 0.999982178 -0.004443878 -6.526489735 -0.000150222 0.004443314 0.999990106 387.563568115
0.999985814 0.005317055 0.000222862 -0.448975325 -0.005316142 0.999978244 -0.003918354 -6.557642937 -0.000243691 0.003917113 0.999992311 389.165771484
0.999976993 0.006763324 0.000560673 -0.454331547 -0.006760594 0.999965906 -0.004737489 -6.591055393 -0.000592695 0.004733589 0.999988556 390.772644043
