1.000000000 0.000000000 0.000000000 0.000000000 0.000000000 0.999961495 0.000000000 -0.000065506 0.000000000 0.000000000 0.999961495 0.000000001
0.999932945 -0.002450592 0.011316218 0.015239201 0.002438490 0.999977231 0.001078923 -0.005234039 -0.011318604 -0.001051256 0.999916136 0.294693112
0.999831498 -0.004621300 0.017767234 0.028441817 0.004603005 0.999969602 0.001065499 -0.007531948 -0.017771618 -0.000983536 0.999822378 0.588945270
0.999779820 -0.007444994 0.019618649 0.042165164 0.007450172 0.999952972 -0.000198150 -0.010162408 -0.019616250 0.000344269 0.999788284 0.892988384
0.999814153 -0.008719011 0.017194476 0.051796358 0.008756268 0.999940217 -0.002102447 -0.005287740 -0.017175118 0.002252616 0.999830723 1.208571315
0.999871671 -0.011357374 0.011290686 0.047447708 0.011397014 0.999929070 -0.003452917 -0.011767924 -0.011250670 0.003581154 0.999930203 1.524431944
0.999917150 -0.012819642 -0.001132546 0.043725211 0.012813533 0.999904037 -0.005246820 -0.017550554 0.001199699 0.005231874 0.999985576 1.845486999
0.999765933 -0.012293688 -0.017798794 0.026791655 0.012197084 0.999910235 -0.005525999 -0.023334172 0.017865131 0.005307612 0.999826372 2.180485964
0.999286771 -0.007752918 -0.036956538 -0.008280207 0.007557813 0.999956727 -0.005416141 -0.028713960 0.036996931 0.005132967 0.999302208 2.522455454
0.998363793 -0.004304805 -0.057019461 -0.043760423 0.003940156 0.999971032 -0.006506067 -0.036711283 0.057045821 0.006270756 0.998351812 2.871960163
0.997027636 -0.003926254 -0.076943770 -0.090169802 0.003394833 0.999969482 -0.007036196 -0.039001178 0.076969042 0.006754071 0.997010589 3.239110231
0.995142758 -0.005523807 -0.098287396 -0.133870304 0.004908348 0.999966860 -0.006502535 -0.042545591 0.098320052 0.005988522 0.995136797 3.611970901
0.992989779 -0.007128908 -0.117984816 -0.193087548 0.006519647 0.999963343 -0.005549049 -0.048795786 0.118020065 0.004740931 0.992999911 4.001094818
0.990716279 -0.006009825 -0.135812595 -0.260599703 0.005401126 0.999973595 -0.004849941 -0.055626392 0.135838121 0.004071375 0.990722597 4.395709991
0.988392591 -0.004768018 -0.151846662 -0.332882881 0.004112172 0.999980807 -0.004632873 -0.057841580 0.151865795 0.003954677 0.988393188 4.803399563
0.986285985 -0.004038646 -0.164995372 -0.420231640 0.003360262 0.999984622 -0.004390459 -0.069097117 0.165010557 0.003775821 0.986284554 5.223016739
0.984234810 -0.005478417 -0.176781282 -0.509931624 0.004625242 0.999975562 -0.005237874 -0.075656205 0.176805645 0.004337641 0.984236181 5.659222603
0.982393920 -0.009503437 -0.186579093 -0.598294258 0.008257718 0.999938130 -0.007452693 -0.085452959 0.186638355 0.005780762 0.982411623 6.098942280
0.980875731 -0.008387921 -0.194454342 -0.698332608 0.006663058 0.999932408 -0.009522671 -0.090426385 0.194521114 0.008044895 0.980865300 6.565224648
0.979346633 -0.007830163 -0.202036381 -0.799763739 0.005648870 0.999919295 -0.011370879 -0.095947169 0.202109113 0.009994753 0.979312003 7.030646801
0.977479458 -0.009356269 -0.210822508 -0.899673641 0.006576028 0.999881923 -0.013884817 -0.106420591 0.210927546 0.012185751 0.977425694 7.517473698
0.975891471 -0.013052528 -0.217865556 -1.022567630 0.009953490 0.999833167 -0.015315978 -0.119557440 0.218029112 0.012778210 0.975858569 8.016976357
0.974128425 -0.018687762 -0.225221068 -1.147194624 0.015251151 0.999739349 -0.016989142 -0.132046595 0.225479841 0.013114725 0.974159479 8.517650604
0.971866190 -0.020182123 -0.234667405 -1.263631940 0.016099731 0.999684095 -0.019299520 -0.144481122 0.234982833 0.014978468 0.971884072 9.061119080
0.969850063 -0.016657416 -0.243132427 -1.420001626 0.011260170 0.999658763 -0.023571745 -0.157291844 0.243442088 0.020123344 0.969706595 9.595752716
0.967595100 -0.013564067 -0.252142131 -1.566380143 0.007119125 0.999624610 -0.026455490 -0.175477967 0.252406329 0.023803173 0.967328489 10.135149956
0.965406537 -0.015692327 -0.260276914 -1.729048252 0.008571314 0.999557793 -0.028471928 -0.196902186 0.260608643 0.025256068 0.965114176 10.702238083
0.962904692 -0.018568035 -0.269202024 -1.879393816 0.010732735 0.999475658 -0.030548422 -0.215707883 0.269628108 0.026525946 0.962599099 11.272768021
0.960482180 -0.018851765 -0.277702302 -2.038888693 0.010128096 0.999410212 -0.032814961 -0.235656515 0.278157085 0.028705586 0.960106552 11.848892212
0.958321869 -0.017301111 -0.285166353 -2.242925167 0.007083022 0.999296665 -0.036824565 -0.260614961 0.285602838 0.033269949 0.957770407 12.448687553
0.956114292 -0.017349413 -0.292479903 -2.445262194 0.005339357 0.999111295 -0.041811273 -0.295246124 0.292945385 0.038414702 0.955357194 13.059600830
0.954199970 -0.020019142 -0.298499018 -2.624842644 0.005574119 0.998775065 -0.049165308 -0.326840132 0.299117655 0.045249667 0.953142762 13.656078339
0.952861071 -0.020929921 -0.302684516 -2.827707052 0.003631513 0.998333156 -0.057600249 -0.358399302 0.303385586 0.053785831 0.951348662 14.268941879
0.951680362 -0.020484995 -0.306406379 -3.046911478 0.000255268 0.997824967 -0.065917365 -0.405095577 0.307090312 0.062654056 0.949615657 14.909030914
0.950363457 -0.019419974 -0.310535431 -3.275497913 -0.004129477 0.997175097 -0.074998245 -0.449363917 0.311114728 0.072557941 0.947598517 15.542150497
0.948998749 -0.019189335 -0.314695209 -3.494326591 -0.006980293 0.996622562 -0.081821434 -0.505450070 0.315202504 0.079845093 0.945659637 16.204942703
0.947506964 -0.017251324 -0.319269210 -3.733675957 -0.011745583 0.995991409 -0.088674963 -0.566836357 0.319519162 0.087770171 0.943506122 16.866010666
0.945790827 -0.016116789 -0.324376225 -3.980790138 -0.015363453 0.995429635 -0.094253980 -0.632885218 0.324412763 0.094128072 0.941220760 17.551279068
0.944192588 -0.014999198 -0.329052240 -4.227903843 -0.018698491 0.994911194 -0.099005103 -0.709062338 0.328862786 0.099632658 0.939107418 18.220777512
0.942343473 -0.011771518 -0.334439963 -4.489200115 -0.023989119 0.994433880 -0.102595359 -0.778480470 0.333786160 0.104702987 0.936815917 18.928764343
0.940858960 -0.010064058 -0.338648856 -4.767116070 -0.026864016 0.994195521 -0.104181349 -0.853122890 0.337731659 0.107117429 0.935127318 19.614107132
0.938394606 -0.011010659 -0.345389992 -5.017410278 -0.026225071 0.994340718 -0.102949783 -0.940333307 0.344568878 0.105665378 0.932795286 20.319128036
0.936121464 -0.011302576 -0.351495326 -5.292404175 -0.026018204 0.994518459 -0.101272523 -1.023283243 0.350713223 0.103948660 0.930695832 21.020164490
0.933577955 -0.010625901 -0.358216792 -5.577189922 -0.026811108 0.994688213 -0.099380404 -1.106062055 0.357369989 0.102383524 0.928334117 21.733963013
0.930468440 -0.009943081 -0.366237193 -5.876280785 -0.027283281 0.994975507 -0.096329249 -1.183308959 0.365354896 0.099623471 0.925521910 22.453466415
0.927096367 -0.007538118 -0.374747306 -6.184621811 -0.028605966 0.995458841 -0.090792842 -1.261740327 0.373729944 0.094893724 0.922670662 23.194412231
0.923599005 -0.004068429 -0.383338571 -6.516847134 -0.031056937 0.995862842 -0.085396431 -1.340957284 0.382100105 0.090777390 0.919651568 23.941812515
0.920016110 -0.000503869 -0.391880274 -6.838337421 -0.034271169 0.996064365 -0.081739038 -1.411628485 0.390379101 0.088631436 0.916378021 24.684722900
0.916129589 -0.000013100 -0.400882334 -7.184787750 -0.034811854 0.996219814 -0.079587482 -1.488584399 0.399368018 0.086867906 0.912666023 25.437978745
0.912102401 0.000476666 -0.409961939 -7.527800083 -0.036236450 0.996178985 -0.079462290 -1.553046823 0.408357650 0.087333322 0.908634603 26.193456650
0.908322096 0.000427861 -0.418271154 -7.875805855 -0.036317818 0.996303380 -0.077849008 -1.625199676 0.416691750 0.085902669 0.904979944 26.920188904
0.904276788 0.000548876 -0.426946372 -8.249838829 -0.036674436 0.996402800 -0.076395869 -1.690083623 0.425368667 0.084741011 0.901044071 27.709957123
0.900559545 0.001069013 -0.434731394 -8.618544579 -0.036851779 0.996585310 -0.073888980 -1.764184713 0.433167964 0.082562037 0.897523820 28.460334778
0.896364987 -0.000565337 -0.443316400 -9.012098312 -0.033823356 0.996997178 -0.069660649 -1.826244593 0.442024678 0.077435821 0.893654168 29.265747070
0.892492056 0.001171216 -0.451061606 -9.409287453 -0.033677492 0.997378528 -0.064046130 -1.887694716 0.449804157 0.072351292 0.890191734 30.038484573
0.888832986 0.001979600 -0.458227038 -9.840631485 -0.033151142 0.997648060 -0.059994031 -1.953409553 0.457030565 0.068515420 0.886808157 30.837907791
0.884975135 0.000033322 -0.465638131 -10.244702339 -0.030448711 0.997863770 -0.057798322 -2.015424728 0.464641482 0.065328166 0.883085728 31.622877121
0.881369650 -0.000041440 -0.472427338 -10.663433075 -0.030549202 0.997902036 -0.057080716 -2.067108154 0.471438587 0.064741485 0.879519284 32.417259216
0.878615201 -0.000147642 -0.477530539 -11.147740364 -0.029798286 0.998034060 -0.055134874 -2.123837471 0.476599902 0.062671922 0.876883686 33.256439209
0.875733197 -0.002675813 -0.482788086 -11.593171120 -0.026815047 0.998171329 -0.054172315 -2.174763441 0.482050240 0.060386483 0.874060154 34.060749054
0.873133004 -0.002390696 -0.487476170 -12.068427086 -0.027202228 0.998190880 -0.053618096 -2.250220537 0.486722440 0.060076162 0.871488392 34.878650665
0.870519876 -0.005338604 -0.492104262 -12.476672173 -0.024382241 0.998245239 -0.053961057 -2.280043125 0.491528809 0.058972776 0.868862271 35.654247284
0.869432271 -0.004293205 -0.494033456 -13.032147408 -0.026209723 0.998153269 -0.054799642 -2.348922253 0.493356407 0.060593054 0.867714167 36.587871552
0.868513584 -0.005437395 -0.495635450 -13.466147423 -0.024377218 0.998261213 -0.053668249 -2.405851603 0.495065451 0.058693815 0.866870880 37.384719849
0.868701339 -0.003845958 -0.495321214 -14.025743484 -0.025255051 0.998325348 -0.052044231 -2.470067978 0.494691879 0.057720266 0.867149532 38.314098358
0.868428707 -0.004826848 -0.495790571 -14.504109383 -0.023954809 0.998376369 -0.051679194 -2.521903753 0.495235026 0.056756262 0.866903186 39.133228302
0.867784262 -0.005053288 -0.496915400 -15.059518814 -0.024039954 0.998350799 -0.052134521 -2.601076603 0.496359318 0.057187349 0.866231561 40.085212708
0.866697073 -0.008018314 -0.498770475 -15.571855545 -0.020939607 0.998404741 -0.052436575 -2.658932447 0.498395205 0.055890683 0.865146518 40.959037781
0.865277410 -0.007494886 -0.501237273 -16.120166779 -0.020926615 0.998476565 -0.051055245 -2.716508389 0.500856400 0.054666158 0.863802373 41.888229370
0.862988293 -0.008233463 -0.505156696 -16.634275436 -0.018056223 0.998725832 -0.047124550 -2.772827148 0.504901052 0.049789175 0.861740112 42.772800446
0.860337973 -0.007273590 -0.509671986 -17.190734863 -0.016979573 0.998934388 -0.042917829 -2.842386961 0.509440899 0.045577858 0.859297693 43.688285828
0.856309295 -0.008383390 -0.516395211 -17.740182877 -0.014809438 0.999058545 -0.040776834 -2.897230148 0.516250849 0.042565104 0.855379105 44.575477600
0.851156175 -0.010532849 -0.524806738 -18.296586990 -0.014426046 0.998951733 -0.043445747 -2.959413290 0.524714172 0.044550005 0.850111842 45.479671478
0.845282018 -0.013290436 -0.534155011 -18.854701996 -0.013677390 0.998824835 -0.046495996 -3.023716450 0.534145296 0.046608075 0.844106913 46.333000183
0.838924944 -0.014414820 -0.544056177 -19.437351227 -0.012584812 0.998868108 -0.045870647 -3.076137543 0.544101536 0.045328878 0.837793946 47.246368408
0.833084166 -0.010444097 -0.553047597 -20.037586212 -0.014415370 0.999072254 -0.040581707 -3.136336565 0.552958429 0.041780364 0.832160652 48.124813080
0.827964962 -0.005691453 -0.560750902 -20.637125015 -0.017660698 0.999187887 -0.036217988 -3.189208031 0.560501695 0.039890483 0.827191889 49.001075745
0.823997557 -0.005941387 -0.566562176 -21.231521606 -0.018964902 0.999095500 -0.038059462 -3.236643314 0.566275775 0.042105693 0.823139548 49.853630066
0.820284963 -0.008000026 -0.571899116 -21.833042145 -0.019605406 0.998921335 -0.042093810 -3.292716503 0.571618974 0.045741238 0.819243252 50.707050323
0.817460477 -0.010145199 -0.575895369 -22.452318192 -0.022360906 0.998532116 -0.049330939 -3.345764875 0.575550497 0.053203639 0.816033721 51.570743561
0.814546347 -0.010833279 -0.579997420 -23.065916061 -0.022894857 0.998446226 -0.050802596 -3.409677982 0.579646468 0.054660022 0.813032746 52.389438629
0.810989141 -0.009591112 -0.584982574 -23.689840317 -0.021783933 0.998677254 -0.046573952 -3.474829674 0.584655523 0.050514203 0.809707522 53.259983063
0.808127880 -0.008168548 -0.588950396 -24.315090179 -0.020368775 0.998918176 -0.041803662 -3.528002024 0.588654757 0.045778915 0.807087302 54.094554901
0.804712176 -0.005285775 -0.593641639 -24.960262299 -0.022145905 0.998997092 -0.038914975 -3.576444864 0.593251944 0.044462092 0.803788066 54.978561401
0.801732659 -0.004525853 -0.597665668 -25.606645584 -0.023769993 0.998938739 -0.039450530 -3.628468990 0.597209930 0.045835290 0.800774217 55.829547882
0.798160970 -0.005979743 -0.602414548 -26.236892700 -0.023658454 0.998868227 -0.041261006 -3.678275585 0.601979375 0.047185123 0.797116220 56.645969391
0.794071436 -0.009075329 -0.607756674 -26.887672424 -0.021998070 0.998804390 -0.043656472 -3.742180347 0.607426286 0.048035834 0.792922318 57.492084503
0.789730072 -0.010194021 -0.613369823 -27.547603607 -0.021305468 0.998802900 -0.044031166 -3.794986725 0.613084316 0.047840871 0.788567543 58.330898285
0.785169184 -0.010219347 -0.619196951 -28.223052979 -0.021130268 0.998839498 -0.043279152 -3.852748394 0.618920743 0.047065251 0.784042001 59.185356140
0.780310154 -0.009958551 -0.625313520 -28.902919769 -0.021579048 0.998849034 -0.042835210 -3.905981541 0.625020444 0.046918415 0.779197037 60.019855499
0.774841726 -0.011227521 -0.632055461 -29.582048416 -0.021300653 0.998810828 -0.043855011 -3.963607073 0.631796360 0.047443885 0.773681223 60.836719513
0.769346893 -0.013026348 -0.638698459 -30.269767761 -0.020107189 0.998802900 -0.044590931 -4.023633957 0.638514817 0.047148321 0.768164039 61.672554016
0.763500929 -0.014302295 -0.645648360 -30.975204468 -0.019582454 0.998782337 -0.045281764 -4.082692623 0.645509779 0.047216050 0.762290955 62.502880096
0.758393407 -0.015393599 -0.651615262 -31.700113297 -0.020300895 0.998678207 -0.047220070 -4.139580727 0.651480913 0.049039762 0.757078469 63.313556671
0.752066076 -0.017422637 -0.658857524 -32.377204895 -0.018322513 0.998711467 -0.047324233 -4.206658840 0.658833146 0.047662862 0.750777781 64.083305359
0.745654404 -0.018715510 -0.666069984 -33.079051971 -0.016913686 0.998751819 -0.046997946 -4.272318363 0.666118205 0.046309918 0.744407237 64.877235413
0.739541411 -0.018525641 -0.672856092 -33.804203033 -0.016489819 0.998822570 -0.045624506 -4.328776360 0.672909081 0.044836491 0.738365114 65.669197083
0.733027220 -0.019618053 -0.679916501 -34.558845520 -0.014706943 0.998893142 -0.044677448 -4.392285347 0.680040419 0.042749267 0.731927335 66.475921631
0.726570189 -0.020579232 -0.686784029 -35.305797577 -0.014611172 0.998862505 -0.045388170 -4.461657524 0.686936855 0.043012407 0.725443065 67.258613586
0.719804287 -0.022119334 -0.693824530 -36.064296722 -0.014700294 0.998782337 -0.047092229 -4.521438122 0.694021225 0.044096611 0.718602836 68.050346375
0.713741720 -0.022368740 -0.700051665 -36.839401245 -0.015390542 0.998747706 -0.047604483 -4.569411278 0.700239837 0.044751484 0.712503672 68.836868286
0.708272219 -0.021792386 -0.705602825 -37.638038635 -0.015605771 0.998795807 -0.046512384 -4.636187553 0.705766797 0.043954913 0.707079351 69.632286072
0.703343332 -0.021510014 -0.710524738 -38.434898376 -0.015972858 0.998811483 -0.046048857 -4.702510834 0.710670769 0.043737266 0.702163875 70.401878357
0.698556721 -0.022255585 -0.715208352 -39.230964661 -0.016103495 0.998774052 -0.046808045 -4.767726898 0.715373278 0.044215433 0.697342038 71.164215088
0.693302035 -0.024510257 -0.720230162 -40.054920197 -0.016877072 0.998594999 -0.050229400 -4.826045036 0.720449448 0.046979524 0.691914320 71.953239441
0.688477576 -0.027355082 -0.724741578 -40.873527527 -0.016103419 0.998465478 -0.052984335 -4.889865398 0.725078821 0.048149340 0.686980546 72.718765259
0.683284938 -0.027546564 -0.729632020 -41.708736420 -0.016590670 0.998444319 -0.053232126 -4.962771416 0.729963303 0.048477799 0.681764960 73.493400574
0.678371787 -0.026752308 -0.734231532 -42.547576904 -0.016614845 0.998522758 -0.051732771 -5.033153057 0.734530807 0.047293205 0.676925242 74.257614136
0.672986090 -0.027118927 -0.739157796 -43.387836456 -0.015192126 0.998609960 -0.050470036 -5.102285862 0.739499152 0.045195010 0.671638608 75.026786804
0.668057799 -0.027813280 -0.743589520 -44.272388458 -0.015308185 0.998575985 -0.051104043 -5.181333542 0.743951857 0.045523457 0.666680634 75.805351257
0.662708521 -0.028884400 -0.748320222 -45.090129852 -0.013367752 0.998640418 -0.050384916 -5.263252258 0.748758197 0.043393873 0.661421418 76.562400818
0.658948898 -0.029806988 -0.751596868 -46.013473511 -0.012920609 0.998618603 -0.050931327 -5.320918560 0.752076685 0.043272234 0.657653511 77.321334839
0.654903948 -0.031563122 -0.755052686 -46.909961700 -0.011098855 0.998617947 -0.051371496 -5.378721714 0.755630553 0.042023614 0.653648615 78.078971863
0.651017666 -0.033711955 -0.758313537 -47.763076782 -0.008766060 0.998612761 -0.051920541 -5.463033676 0.759011805 0.040448613 0.649819076 78.820518494
0.646555364 -0.037807293 -0.761929572 -48.626541138 -0.006994232 0.998435378 -0.055477962 -5.528279305 0.762835026 0.041198689 0.645279408 79.559860229
0.641966879 -0.042336538 -0.765562534 -49.532562256 -0.002174975 0.998369753 -0.057034910 -5.603661060 0.766729116 0.038279604 0.640828371 80.305541992
0.634922445 -0.046403520 -0.771180987 -50.426601410 0.002820357 0.998327017 -0.057749324 -5.670814037 0.772570729 0.034491334 0.633991122 81.062057495
0.627136648 -0.049703587 -0.777321696 -51.360191345 0.007449726 0.998299062 -0.057822961 -5.757558346 0.778873622 0.030472064 0.626440287 81.785903931
0.617698371 -0.050983548 -0.784760654 -52.289180756 0.010799206 0.998352110 -0.056359693 -5.833211899 0.786341012 0.026338495 0.617230952 82.524871826
0.609262586 -0.048690170 -0.791472316 -53.233089447 0.010180211 0.998511136 -0.053590324 -5.915229797 0.792903185 0.024593227 0.608851135 83.240699768
0.600079715 -0.048556864 -0.798465133 -54.185340881 0.009177170 0.998508275 -0.053825010 -5.982743263 0.799887538 0.024971647 0.599630177 83.956214905
0.590629399 -0.050115053 -0.805385292 -55.161773682 0.008815904 0.998410761 -0.055660911 -6.062776089 0.806894779 0.025774768 0.590132535 84.657249451
0.580568135 -0.052728042 -0.812502563 -56.137989044 0.009760316 0.998279870 -0.057810042 -6.135748386 0.814153194 0.025632387 0.580084026 85.356781006
0.571039021 -0.054096196 -0.819138587 -57.122459412 0.009785231 0.998204052 -0.059100255 -6.218985081 0.820864558 0.025733089 0.570542753 86.023406982
0.560873449 -0.054948069 -0.826076150 -58.126823425 0.012793921 0.998251140 -0.057714060 -6.297653198 0.827802777 0.021801526 0.560595453 86.699462891
0.550734758 -0.054867968 -0.832874954 -59.124813080 0.013896465 0.998301506 -0.056576926 -6.385272503 0.834564626 0.019584864 0.550561845 87.359901428
0.540320873 -0.055161212 -0.839649022 -60.161319733 0.014159474 0.998303711 -0.056472387 -6.476814270 0.841339886 0.018624226 0.540185511 88.016296387
0.529781699 -0.056208242 -0.846269369 -61.172470093 0.013494951 0.998233855 -0.057853431 -6.553651333 0.848026574 0.019229328 0.529604554 88.654106140
0.519437432 -0.056887582 -0.852612793 -62.251464844 0.011888586 0.998166084 -0.059356224 -6.629253387 0.854425788 0.020695487 0.519161165 89.308837891
0.510692060 -0.057508204 -0.857838213 -63.263881683 0.010625492 0.998106420 -0.060585964 -6.721837521 0.859697998 0.021825818 0.510336101 89.881492615
0.500918508 -0.057339646 -0.863592923 -64.319725037 0.009929464 0.998118103 -0.060512178 -6.812794685 0.865437508 0.021736654 0.500545204 90.504074097
0.492270678 -0.055097703 -0.868696630 -65.389915466 0.009252546 0.998269379 -0.058072750 -6.900285721 0.870392978 0.020549851 0.491928577 91.088012695
0.484042913 -0.053711925 -0.873394251 -66.496017456 0.009678508 0.998381793 -0.056034483 -6.984037399 0.874990702 0.018669942 0.483779550 91.705047607
0.476724148 -0.053683009 -0.877412200 -67.555107117 0.010148365 0.998403072 -0.055571727 -7.071357250 0.878994286 0.017588083 0.476507664 92.266586304
0.469078809 -0.056897663 -0.881321609 -68.659408569 0.011728787 0.998235822 -0.058203004 -7.152816772 0.883078337 0.016964961 0.468918622 92.852279663
0.461791039 -0.060407676 -0.884929359 -69.760803223 0.014842472 0.998064756 -0.060385216 -7.242558956 0.886864543 0.014750820 0.461793989 93.429382324
0.455350131 -0.063389473 -0.888052940 -70.864219666 0.015946250 0.997882843 -0.063052684 -7.330789566 0.890169621 0.014549941 0.455396891 94.005424500
0.449971229 -0.066667050 -0.890551150 -71.949333191 0.017169558 0.997671187 -0.066010803 -7.420666695 0.892877996 0.014412594 0.450067908 94.555297852
0.445470184 -0.067682855 -0.892734826 -73.057014465 0.021487432 0.997659326 -0.064915620 -7.529697418 0.895038843 0.009735400 0.445881814 95.096862793
0.441026300 -0.064760618 -0.895154655 -74.168098450 0.021619679 0.997870445 -0.061540045 -7.615442753 0.897233665 0.007787821 0.441487223 95.658210754
0.436847448 -0.063085809 -0.897320688 -75.268074036 0.024101900 0.998000443 -0.058430411 -7.698987007 0.899212658 0.003898041 0.437494427 96.207206726
0.433965862 -0.062269568 -0.898774743 -76.361404419 0.026030254 0.998058677 -0.056579739 -7.796434879 0.900553167 0.001158342 0.434744269 96.724151611
0.430890232 -0.062222902 -0.900256515 -77.449951172 0.027651902 0.998061836 -0.055747863 -7.882803917 0.901980579 -0.000872596 0.431775689 97.249679565
0.427888632 -0.061473716 -0.901738465 -78.527221680 0.030162424 0.998099864 -0.053730380 -7.966521263 0.903328001 -0.004207999 0.428929806 97.775093079
0.426514179 -0.060029563 -0.902486563 -79.681640625 0.030776273 0.998180509 -0.051849887 -8.057056427 0.903957129 -0.005660465 0.427585632 98.275070190
0.423956275 -0.061543033 -0.903589189 -80.754768372 0.033171628 0.998074293 -0.052414529 -8.130545616 0.905074954 -0.007752060 0.425181389 98.781150818
0.419957340 -0.062641583 -0.905379415 -81.810813904 0.036789879 0.997970104 -0.051982895 -8.194459915 0.906797826 -0.011478200 0.421409458 99.334609985
0.421121001 -0.065512560 -0.904635429 -82.983497620 0.045256246 0.997663498 -0.051182084 -8.211877823 0.905874789 -0.019386552 0.423101842 99.728118896
0.415370405 -0.061549503 -0.907567680 -83.943016052 0.042370338 0.997934461 -0.048286185 -8.342706680 0.908665121 -0.018397298 0.417120248 100.313591003
0.414898783 -0.063074782 -0.907678723 -85.025238037 0.044151850 0.997814775 -0.049156602 -8.410558701 0.908795714 -0.019680677 0.416777015 100.776840210
0.412411064 -0.063731261 -0.908765912 -86.042762756 0.045976859 0.997734725 -0.049105655 -8.498212814 0.909836888 -0.021530479 0.414407045 101.272781372
0.412641436 -0.064758800 -0.908588707 -87.093864441 0.045161724 0.997697353 -0.050599456 -8.565555573 0.909773171 -0.020153997 0.414615899 101.718635559
0.412656069 -0.066038035 -0.908489943 -88.084945679 0.045830272 0.997610569 -0.051699094 -8.642862320 0.909733236 -0.020302396 0.414696515 102.182502747
0.415772140 -0.066724703 -0.907017827 -89.098968506 0.044548985 0.997602105 -0.052967511 -8.708450317 0.908376992 -0.018384311 0.417747647 102.625305176
0.419434458 -0.065876707 -0.905392170 -90.077728271 0.041082744 0.997719049 -0.053562339 -8.796206474 0.906855524 -0.014730104 0.421184063 103.084403992
0.425351590 -0.065475330 -0.902656674 -91.088188171 0.039337955 0.997774422 -0.053837925 -8.886193275 0.904172838 -0.012608618 0.426980615 103.544143677
0.429796904 -0.067188367 -0.900422275 -92.029373169 0.040599614 0.997657061 -0.055064563 -8.942145348 0.902012348 -0.012890211 0.431517780 104.006835938
0.437240988 -0.065422796 -0.896961570 -92.984413147 0.038240828 0.997801065 -0.054136626 -9.018885612 0.898531020 -0.010629802 0.438781291 104.459289551
0.444537103 -0.063965395 -0.893473685 -93.936584473 0.037199408 0.997904956 -0.052933700 -9.096489906 0.894987702 -0.009705691 0.445985228 104.943542480
0.453511626 -0.064050995 -0.888945878 -94.879516602 0.036959097 0.997907817 -0.053046674 -9.162080765 0.890483737 -0.008797348 0.454930097 105.418136597
0.463354528 -0.062446289 -0.883970022 -95.847152710 0.035377581 0.998022377 -0.051959261 -9.246106148 0.885466456 -0.007197161 0.464647442 105.910186768
0.473220795 -0.062487569 -0.878724873 -96.777252197 0.033384368 0.998036683 -0.052993510 -9.321128845 0.880311072 -0.004258043 0.474377751 106.411148071
0.483311623 -0.064522982 -0.873067498 -97.686981201 0.032200724 0.997915566 -0.055924114 -9.386508942 0.874855995 -0.001084630 0.484381944 106.908927917
0.494776636 -0.063828073 -0.866672933 -98.596771240 0.028716084 0.997955263 -0.057102870 -9.477170944 0.868545651 0.003365710 0.495597780 107.425247192
0.507028162 -0.063698359 -0.859572530 -99.518753052 0.028616762 0.997959793 -0.057073593 -9.540547371 0.861454368 0.004339734 0.507816553 107.960266113
0.520161569 -0.061346229 -0.851861835 -100.419998169 0.027341653 0.998101830 -0.055182323 -9.611957550 0.853630126 0.005412415 0.520851552 108.491767883
0.532724380 -0.058798797 -0.844243646 -101.288864136 0.026534833 0.998253465 -0.052781384 -9.688333511 0.845872700 0.005716062 0.533354104 109.030380249
0.544735968 -0.057884533 -0.836607397 -102.163658142 0.026247809 0.998303056 -0.051981580 -9.759637833 0.838196695 0.006357127 0.545330882 109.586204529
0.556235433 -0.057924680 -0.829003513 -103.018562317 0.026117910 0.998293638 -0.052229114 -9.835742950 0.830614269 0.007399839 0.556798995 110.155776978
0.567617118 -0.058861349 -0.821185827 -103.851203918 0.026177298 0.998227000 -0.053457215 -9.903739929 0.822876513 0.008846805 0.568151534 110.719078064
0.578923881 -0.059983462 -0.813172400 -104.669708252 0.027767852 0.998162270 -0.053860366 -9.973772049 0.814908624 0.008601000 0.579525650 111.287704468
0.589933097 -0.059929848 -0.805225015 -105.481849670 0.028523052 0.998166084 -0.053392846 -10.048726082 0.806948185 0.008530733 0.590560615 111.875389099
0.600901306 -0.057154626 -0.797277153 -106.277946472 0.027351664 0.998326480 -0.050952576 -10.118744850 0.798855126 0.008810610 0.601459026 112.459754944
0.610948503 -0.054715779 -0.789777219 -107.051841736 0.027962163 0.998477638 -0.047543831 -10.184001923 0.791176200 0.006962957 0.611548483 113.051094055
0.621149242 -0.053312544 -0.781876802 -107.813720703 0.027103256 0.998547912 -0.046554603 -10.244701385 0.783223391 0.007725951 0.621692300 113.641189575
0.631526530 -0.052840289 -0.773551643 -108.560302734 0.025050221 0.998544753 -0.047758311 -10.304979324 0.774949491 0.010783005 0.631931186 114.233146667
0.641599655 -0.052595522 -0.765234292 -109.296585083 0.023806326 0.998531163 -0.048670243 -10.368288994 0.766670108 0.013009391 0.641909420 114.838050842
0.650432527 -0.051528007 -0.757814109 -109.995819092 0.023052493 0.998575866 -0.048112761 -10.432275772 0.759214103 0.013824601 0.650694191 115.437461853
0.660284162 -0.049103215 -0.749408841 -110.708000183 0.022046005 0.998697519 -0.046013109 -10.494959831 0.750692189 0.013860255 0.660506666 116.050346375
0.668322682 -0.047983777 -0.742322326 -111.366966248 0.023077581 0.998774469 -0.043783821 -10.547590256 0.743513405 0.012130717 0.668611050 116.648902893
0.676541686 -0.047020171 -0.734901547 -112.053169250 0.022850191 0.998819351 -0.042870425 -10.603505135 0.736049652 0.012210983 0.676817358 117.275733948
0.684350848 -0.046301942 -0.727681279 -112.687797546 0.021819858 0.998835266 -0.043034736 -10.653771400 0.728826344 0.013572953 0.684564054 117.866691589
0.691952467 -0.045684725 -0.720496058 -113.356185913 0.021608118 0.998859227 -0.042582907 -10.705701828 0.721619487 0.013896789 0.692150354 118.512382507
0.699232817 -0.042792398 -0.713612139 -113.975425720 0.020786487 0.999001741 -0.039538410 -10.761917114 0.714591742 0.012813071 0.699424386 119.096298218
0.706810772 -0.039536692 -0.706296921 -114.606834412 0.019263973 0.999142349 -0.036651455 -10.808526039 0.707140267 0.012299563 0.706966400 119.727416992
0.713992536 -0.037952501 -0.699123919 -115.197624207 0.018062109 0.999195814 -0.035795908 -10.856535912 0.699920177 0.012930355 0.714103997 120.318382263
0.721897423 -0.036980130 -0.691011131 -115.812713623 0.017326534 0.999223888 -0.035373446 -10.906008720 0.691783071 0.013563172 0.721978009 120.947479248
0.729467452 -0.034491327 -0.683145344 -116.377273560 0.015223693 0.999299049 -0.034197655 -10.948523521 0.683846056 0.014546081 0.729481280 121.553588867
0.738867164 -0.031878348 -0.673096538 -116.959838867 0.014554797 0.999402285 -0.031355429 -10.990466118 0.673693836 0.013370715 0.738889515 122.179534912
0.748236179 -0.027751474 -0.662851751 -117.488731384 0.012575251 0.999538481 -0.027652346 -11.032632828 0.663313270 0.012354960 0.748239875 122.764739990
0.758635163 -0.025535215 -0.651015162 -118.038429260 0.010731332 0.999585748 -0.026702106 -11.072808266 0.651427388 0.013270893 0.758594871 123.389564514
0.768417537 -0.024675269 -0.639472902 -118.537437439 0.009037380 0.999575078 -0.027710799 -11.107321739 0.639885008 0.015514304 0.768314064 123.980537415
0.778332770 -0.025882507 -0.627318382 -119.058914185 0.009349285 0.999516904 -0.029639103 -11.144193649 0.627782404 0.017204106 0.778198719 124.624130249
0.788446546 -0.024414266 -0.614618540 -119.554397583 0.008436965 0.999547184 -0.028881520 -11.186073303 0.615045309 0.017586023 0.788295627 125.257820129
0.798498750 -0.023052266 -0.601555049 -119.992408752 0.008374726 0.999595225 -0.027189085 -11.212991714 0.601938248 0.016672589 0.798368692 125.839469910
0.809251785 -0.021760678 -0.587058842 -120.482429504 0.009133808 0.999658942 -0.024463834 -11.240506172 0.587391019 0.014435317 0.809174538 126.463668823
0.818192959 -0.019654863 -0.574607611 -120.894737244 0.008477132 0.999719203 -0.022125386 -11.272762299 0.574881136 0.013231807 0.818129897 127.094497681
0.827567816 -0.018664842 -0.561055362 -121.356452942 0.009472054 0.999769032 -0.019288231 -11.299841881 0.561285794 0.010647970 0.827553451 127.746467590
0.835477531 -0.017323589 -0.549251437 -121.759521484 0.009573518 0.999810159 -0.016971897 -11.328191757 0.549441218 0.008921373 0.835484684 128.375839233
0.842771411 -0.018075733 -0.537968099 -122.191909790 0.011457588 0.999812007 -0.015644435 -11.352005959 0.538149774 0.007020866 0.842819989 129.047195435
0.849151909 -0.017827697 -0.527847826 -122.589973450 0.011510273 0.999817371 -0.015251504 -11.374040604 0.528023541 0.006875168 0.849201918 129.699874878
0.855866015 -0.016656604 -0.516929328 -123.009643555 0.010422375 0.999833763 -0.014960800 -11.406978607 0.517092645 0.007416808 0.855897367 130.386566162
0.862721324 -0.014759361 -0.505464375 -123.392326355 0.008724965 0.999859631 -0.014303833 -11.417202950 0.505604684 0.007930059 0.862728834 131.026275635
0.868888557 -0.013735495 -0.494817168 -123.793525696 0.007995334 0.999873996 -0.013715598 -11.439030647 0.494943172 0.007961096 0.868888855 131.729598999
0.874884307 -0.014590655 -0.484112114 -124.170845032 0.008910939 0.999861777 -0.014031042 -11.460278511 0.484249949 0.007961646 0.874893427 132.400177002
0.879814565 -0.015495090 -0.475064397 -124.538627625 0.009632240 0.999844372 -0.014772933 -11.489953995 0.475219458 0.008421508 0.879826963 133.100463867
0.884296536 -0.015890934 -0.466655254 -124.921989441 0.009884897 0.999833822 -0.015315623 -11.509685516 0.466821134 0.008930712 0.884306669 133.807830811
0.887882292 -0.015265149 -0.459817350 -125.305557251 0.009671006 0.999847829 -0.014519051 -11.528050423 0.459968925 0.008444313 0.887894809 134.533950806
0.891081274 -0.013203198 -0.453651577 -125.681846619 0.009099931 0.999895573 -0.011226764 -11.545616150 0.453752398 0.005875760 0.891108394 135.260223389
0.894265652 -0.007901027 -0.447466820 -126.040397644 0.005512301 0.999962807 -0.006640204 -11.570701599 0.447502583 0.003471533 0.894275904 135.980682373
0.897592008 -0.006203742 -0.440783501 -126.428657532 0.004937146 0.999979675 -0.004020279 -11.581946373 0.440799505 0.001432357 0.897604465 136.744049072
0.900805235 -0.003562292 -0.434208900 -126.800765991 0.003255773 0.999993622 -0.001449655 -11.601705551 0.434211284 -0.000107829 0.900811136 137.508193970
0.904084861 -0.002110756 -0.427347809 -127.172325134 0.002443705 0.999996960 0.000230645 -11.597878456 0.427345991 -0.001252834 0.904087424 138.284179688
0.907456815 -0.000438923 -0.420145303 -127.535919189 0.001866150 0.999993742 0.002985943 -11.600941658 0.420141399 -0.003493668 0.907451987 139.061553955
0.910711110 -0.000946688 -0.413042724 -127.904800415 0.003244907 0.999982834 0.004862695 -11.606305122 0.413031071 -0.005768796 0.910698593 139.879852295
0.914400041 -0.000800998 -0.404810905 -128.279373169 0.003607216 0.999974430 0.006169450 -11.614427567 0.404795647 -0.007101587 0.914379537 140.702819824
0.917916059 -0.001641574 -0.396771133 -128.640121460 0.004320965 0.999973476 0.005859179 -11.610939980 0.396750957 -0.007092669 0.917898834 141.538436890
0.921670020 -0.004901842 -0.387943774 -129.001571655 0.007392255 0.999960542 0.004927441 -11.607957840 0.387904316 -0.007409254 0.921669841 142.394638062
0.925671041 -0.006251326 -0.378277510 -129.341445923 0.008317314 0.999958098 0.003827966 -11.615335464 0.378237695 -0.006689689 0.925684333 143.239761353
0.930469215 -0.006247990 -0.366316795 -129.699584961 0.007621163 0.999968290 0.002302554 -11.638099670 0.366290838 -0.004934215 0.930487335 144.105590820
0.935302258 -0.004522172 -0.353820890 -130.026107788 0.005403980 0.999984264 0.001504301 -11.640253067 0.353808552 -0.003319018 0.935311913 144.985641479
0.941416860 -0.000405287 -0.337244928 -130.369232178 0.001440603 0.999994934 0.002819678 -11.645156860 0.337242156 -0.003140328 0.941412747 145.917510986
0.947857201 0.002619987 -0.318684667 -130.681045532 -0.000856046 0.999983490 0.005674999 -11.650933266 0.318694204 -0.005106279 0.947843790 146.804534912
0.954316616 0.005944684 -0.298738152 -130.979141235 -0.003938951 0.999965429 0.007315682 -11.655226707 0.298771292 -0.005804760 0.954307079 147.747131348
0.960699201 0.007467553 -0.277491033 -131.271636963 -0.005467657 0.999953151 0.007980186 -11.654650688 0.277537674 -0.006149333 0.960695028 148.704086304
0.966571867 0.008950735 -0.256239593 -131.522079468 -0.006720666 0.999931574 0.009577426 -11.650606155 0.256307751 -0.007535169 0.966565788 149.659683228
0.972133636 0.009851953 -0.234220162 -131.786453247 -0.007197009 0.999899805 0.012187297 -11.649443626 0.234316766 -0.010161999 0.972107172 150.659423828
0.977104604 0.012451872 -0.212394491 -132.004409790 -0.009285428 0.999830425 0.015899315 -11.652612686 0.212556466 -0.013563121 0.977054596 151.650314331
0.981733918 0.014233570 -0.189725965 -132.216323853 -0.010689864 0.999749005 0.019688368 -11.637887955 0.189958587 -0.017300595 0.981639624 152.669250488
0.985950649 0.016510408 -0.166219071 -132.441345215 -0.012863085 0.999652803 0.022995597 -11.626795769 0.166541040 -0.020534435 0.985820651 153.749847412
0.989319384 0.018229039 -0.144619882 -132.585769653 -0.015074977 0.999624610 0.022875350 -11.616377831 0.144982606 -0.020450892 0.989222765 154.770263672
0.992280602 0.017720230 -0.122740217 -132.712890625 -0.015265676 0.999664962 0.020909639 -11.617189407 0.123069614 -0.018874515 0.992218554 155.782333374
0.994671822 0.018408583 -0.101435006 -132.846420288 -0.016479159 0.999667704 0.019826556 -11.596744537 0.101766273 -0.018049352 0.994644642 156.878250122
0.996570885 0.017694507 -0.080828339 -132.948364258 -0.015979342 0.999634266 0.021817679 -11.584547043 0.081184812 -0.020451281 0.996489286 157.955993652
0.997979581 0.016873119 -0.061253693 -133.024856567 -0.015471056 0.999609113 0.023292145 -11.570281029 0.061622757 -0.022297429 0.997850358 159.088043213
0.999028504 0.017878078 -0.040277548 -133.085113525 -0.016906831 0.999561191 0.024326907 -11.554512024 0.040694788 -0.023622308 0.998892307 160.157836914
0.999606788 0.019707855 -0.019953614 -133.126907349 -0.019207843 0.999504149 0.024947710 -11.541990280 0.020435389 -0.024554629 0.999489605 161.350204468
0.999809146 0.019527279 0.000643093 -133.142135620 -0.019537328 0.999483943 0.025497433 -11.529995918 -0.000144865 -0.025505133 0.999674678 162.458541870
0.999533832 0.022013932 0.021158108 -133.121597290 -0.022541115 0.999433100 0.025009396 -11.506770134 -0.020595562 -0.025474664 0.999463260 163.619735718
0.998876274 0.022928452 0.041476488 -133.088302612 -0.023921134 0.999435306 0.023597775 -11.493276596 -0.040912002 -0.024563419 0.998860776 164.773269653
0.997871935 0.023469975 0.060833383 -133.039306641 -0.024790404 0.999471188 0.021042449 -11.477746010 -0.060307354 -0.022505751 0.997926116 165.949188232
0.996510506 0.025312282 0.079536714 -132.943298340 -0.026848031 0.999472141 0.018298849 -11.464454651 -0.079031549 -0.020370401 0.996663928 167.129302979
0.994750500 0.026029769 0.098964795 -132.834655762 -0.027811455 0.999474347 0.016666267 -11.460869789 -0.098478951 -0.019331129 0.994951367 168.296249390
0.992715716 0.025644019 0.117718868 -132.708312988 -0.027395815 0.999536455 0.013287009 -11.448568344 -0.117323555 -0.016415227 0.992958069 169.529922485
0.990304410 0.026563460 0.136350781 -132.548339844 -0.027930390 0.999576867 0.008121468 -11.457036018 -0.136077344 -0.011851052 0.990627408 170.722351074
0.987607300 0.028919738 0.154257506 -132.368179321 -0.029552512 0.999561608 0.001810075 -11.470079422 -0.154137567 -0.006346341 0.988028944 171.894653320
0.984687448 0.031076413 0.171536729 -132.163970947 -0.030962141 0.999514997 -0.003342181 -11.481229782 -0.171557367 -0.002020140 0.985172033 173.222000122
0.981443822 0.033416808 0.188815609 -131.933090210 -0.032545030 0.999440551 -0.007716447 -11.503797531 -0.188967809 0.001428249 0.981982231 174.483489990
0.977790773 0.035677701 0.206524253 -131.692337036 -0.034256645 0.999358356 -0.010453889 -11.514848709 -0.206764743 0.003146890 0.978385568 175.615753174
0.973887563 0.034796603 0.224348322 -131.413619995 -0.033360213 0.999391437 -0.010190991 -11.569101334 -0.224566385 0.002440571 0.974455714 177.044601440
0.969766498 0.033909626 0.241667300 -131.127441406 -0.032273129 0.999421537 -0.010728023 -11.600490570 -0.241891295 0.002604318 0.970299840 178.298614502
0.965468287 0.034304395 0.258252144 -130.787948608 -0.031256828 0.999384940 -0.015898503 -11.642675400 -0.258638680 0.007277358 0.965946734 179.545608521
0.960951984 0.035304718 0.274453640 -130.419342041 -0.030854631 0.999313295 -0.020515881 -11.673007011 -0.274989545 0.011246611 0.961381435 180.855468750
0.955946743 0.037898351 0.291083634 -130.037948608 -0.033440746 0.999234974 -0.020275259 -11.720001221 -0.291629374 0.009648016 0.956482708 182.110260010
0.950383842 0.039782550 0.308525413 -129.640472412 -0.034873135 0.999162316 -0.021412704 -11.757936478 -0.309118807 0.009591040 0.950975001 183.468322754
0.944556653 0.043547016 0.325448096 -129.182250977 -0.037624612 0.998992205 -0.024472594 -11.795162201 -0.326185822 0.010870891 0.945243120 184.755844116
0.938105762 0.044537216 0.343473434 -128.761596680 -0.036988258 0.998909116 -0.028502166 -11.854724884 -0.344368219 0.014033559 0.938729763 186.099548340
0.931571186 0.046258789 0.360603988 -128.260025024 -0.037656900 0.998814464 -0.030847885 -11.910159111 -0.361603469 0.015157773 0.932208717 187.382461548
0.924791574 0.045799538 0.377707481 -127.762207031 -0.034650445 0.998741269 -0.036264718 -11.973711967 -0.378892958 0.020449571 0.925214529 188.676757812
0.916835546 0.049172759 0.396225452 -127.212272644 -0.035304304 0.998484254 -0.042223398 -12.047614098 -0.397701055 0.024723448 0.917181909 189.942199707
0.907340407 0.052503448 0.417105287 -126.652160645 -0.036832422 0.998283327 -0.045537144 -12.134983063 -0.418780118 0.025954694 0.907716691 191.187713623
0.895526588 0.055535376 0.441528946 -126.073257446 -0.038697679 0.998142242 -0.047057852 -12.213191986 -0.443322062 0.025055410 0.896012127 192.547027588
