1.000000000 0.000000000 0.000000000 0.000000000 0.000000000 0.999961495 0.000000000 -0.000065506 0.000000000 0.000000000 0.999961495 0.000000001
0.999998569 0.000797234 0.001483524 -0.007240484 -0.000790428 0.999969959 -0.004572203 -0.002653244 -0.001487125 0.004571024 0.999969184 0.946225047
0.999996305 -0.001268376 0.002410728 -0.009041549 0.001281342 0.999984741 -0.005384375 -0.002047995 -0.002403863 0.005387445 0.999982655 1.879250765
0.999992549 -0.002781095 0.002672182 -0.010621309 0.002784818 0.999995172 -0.001390236 -0.001589859 -0.002668302 0.001397667 0.999995589 2.823722601
0.999983430 -0.005364036 0.002090626 -0.009232937 0.005354254 0.999974787 0.004657040 -0.002770128 -0.002115554 -0.004645769 0.999986947 3.762981892
0.999960005 -0.008914098 0.000634480 -0.006031755 0.008910933 0.999948680 0.004827267 -0.002456109 -0.000677478 -0.004821419 0.999988139 4.690397739
0.999937415 -0.011187588 -0.000147529 -0.006957944 0.011187836 0.999935806 0.001814255 0.003001524 0.000127223 -0.001815792 0.999998331 5.617445469
0.999929488 -0.011828793 -0.001065186 -0.007079717 0.011826898 0.999928474 -0.001768713 0.006524397 0.001086032 0.001755990 0.999997795 6.535731792
0.999933898 -0.011375022 -0.001683647 -0.013247078 0.011371253 0.999932826 -0.002233129 0.004715978 0.001708936 0.002213836 0.999996066 7.458217144
0.999935925 -0.011026938 -0.002551919 -0.023496170 0.011025827 0.999939084 -0.000449602 0.004818352 0.002556721 0.000421437 0.999996603 8.373537064
0.999934912 -0.010900202 -0.003367950 -0.026251415 0.010908138 0.999937713 0.002346856 0.006539110 0.003342160 -0.002383441 0.999991596 9.291419983
0.999928892 -0.011100383 -0.004357398 -0.031101774 0.011117159 0.999930739 0.003844950 0.008366042 0.004314416 -0.003893119 0.999983132 10.199220657
0.999912143 -0.012296172 -0.004952403 -0.037411619 0.012319030 0.999913394 0.004611731 0.012258832 0.004895268 -0.004672334 0.999977112 11.107202530
0.999904215 -0.012598800 -0.005732726 -0.044054829 0.012625793 0.999909222 0.004696979 0.014098319 0.005673029 -0.004768910 0.999972522 12.012766838
0.999896348 -0.012828931 -0.006524362 -0.052627265 0.012852490 0.999911010 0.003582014 0.012725963 0.006477827 -0.003665498 0.999972343 12.905918121
0.999887764 -0.013202346 -0.007078702 -0.080528967 0.013211411 0.999912024 0.001235396 0.021901945 0.007061769 -0.001328777 0.999974191 13.807145119
0.999848783 -0.014615078 -0.009421024 -0.076234236 0.014616161 0.999893188 0.000045954 0.022339737 0.009419344 -0.000183646 0.999955535 14.688617706
0.999831021 -0.014516136 -0.011279068 -0.084539704 0.014508730 0.999894559 -0.000738175 0.022527972 0.011288593 0.000574406 0.999936104 15.580638885
0.999839544 -0.012876501 -0.012447495 -0.107958466 0.012857259 0.999916017 -0.001624692 0.022928517 0.012467369 0.001464391 0.999921203 16.466360092
0.999824762 -0.011607072 -0.014685777 -0.116963580 0.011584925 0.999931633 -0.001592333 0.026958643 0.014703254 0.001421920 0.999890864 17.348283768
0.999804974 -0.012132511 -0.015581314 -0.142882943 0.012123839 0.999926269 -0.000650952 0.020587428 0.015588065 0.000461920 0.999878287 18.238706589
0.999793708 -0.011342796 -0.016847564 -0.162984043 0.011351762 0.999935448 0.000436604 0.024333689 0.016841523 -0.000627763 0.999857903 19.115663528
0.999769211 -0.011404756 -0.018203737 -0.185696527 0.011427459 0.999933958 0.001143744 0.021769440 0.018189495 -0.001351503 0.999833643 19.989658356
0.999730468 -0.012317585 -0.019679924 -0.204588965 0.012344955 0.999922931 0.001269916 0.019296488 0.019662764 -0.001512521 0.999805570 20.862062454
0.999697745 -0.012293317 -0.021289561 -0.227456897 0.012296744 0.999924421 0.000030025 0.028525459 0.021287583 -0.000291808 0.999773324 21.722478867
0.999680877 -0.012812761 -0.021770664 -0.255728722 0.012831822 0.999917448 0.000736042 0.025476901 0.021759436 -0.001015165 0.999762714 22.586570740
0.999640346 -0.012681827 -0.023630278 -0.270589471 0.012746689 0.999915361 0.002596242 0.028011890 0.023595357 -0.002896517 0.999717355 23.439529419
0.999621868 -0.013507110 -0.023952888 -0.298893213 0.013638122 0.999892831 0.005314634 0.029815400 0.023878541 -0.005639297 0.999698937 24.289587021
0.999590933 -0.013618384 -0.025147755 -0.311943054 0.013796196 0.999880850 0.006910725 0.031502452 0.025050651 -0.007254840 0.999659896 25.125093460
0.999568820 -0.012967451 -0.026345961 -0.334927797 0.013123915 0.999897122 0.005774520 0.036024634 0.026268374 -0.006117791 0.999636292 25.955259323
0.999575853 -0.011123336 -0.026914045 -0.361150533 0.011206765 0.999932826 0.002950907 0.038470972 0.026879415 -0.003251275 0.999633312 26.756498337
0.999561131 -0.010649321 -0.027642250 -0.387690723 0.010697785 0.999941468 0.001605921 0.037632145 0.027623530 -0.001900927 0.999616563 27.560319901
0.999537468 -0.010312321 -0.028607739 -0.413748652 0.010347127 0.999945879 0.001068876 0.040258016 0.028595166 -0.001364390 0.999590099 28.339530945
0.999510527 -0.010012925 -0.029639687 -0.440742314 0.010018694 0.999949813 0.000046138 0.041793205 0.029637737 -0.000343067 0.999560654 29.129148483
0.999436975 -0.010142392 -0.031981945 -0.465120703 0.010142631 0.999948561 -0.000154844 0.037342068 0.031981867 -0.000169624 0.999488533 29.889621735
0.999387622 -0.009776955 -0.033598449 -0.499671608 0.009760998 0.999952257 -0.000638873 0.041906755 0.033603087 0.000310528 0.999435186 30.648614883
0.999317527 -0.010383356 -0.035450235 -0.534541488 0.010425643 0.999945104 0.001008149 0.035113808 0.035437822 -0.001377052 0.999370992 31.405328751
0.999232233 -0.010215054 -0.037823960 -0.555833757 0.010336763 0.999942005 0.003023604 0.040018000 0.037790887 -0.003412259 0.999279857 32.169403076
0.999186814 -0.009043160 -0.039293442 -0.602765381 0.009218170 0.999948382 0.004275026 0.044072397 0.039252754 -0.004633763 0.999218643 32.912578583
0.999107778 -0.007991715 -0.041468527 -0.630816400 0.008192372 0.999955535 0.004671121 0.042345550 0.041429345 -0.005006679 0.999128878 33.625247955
0.999040544 -0.005538735 -0.043442380 -0.673567712 0.005744514 0.999972939 0.004613459 0.033002760 0.043415643 -0.004858588 0.999045312 34.323055267
0.998992860 -0.004099026 -0.044680148 -0.720193267 0.004262661 0.999984562 0.003567708 0.038810994 0.044664826 -0.003754572 0.998995006 35.049819946
0.998896062 -0.003509940 -0.046843342 -0.741116345 0.003724449 0.999982953 0.004492788 0.042755239 0.046826780 -0.004662294 0.998892069 35.750183105
0.998859882 -0.001651267 -0.047708798 -0.786029220 0.001961113 0.999977291 0.006448446 0.043205600 0.047697071 -0.006534655 0.998840392 36.429309845
0.998850167 0.000792514 -0.047933932 -0.819098532 -0.000456940 0.999975264 0.007011319 0.045568753 0.047938313 -0.006981354 0.998825848 37.117877960
0.998896241 0.003870523 -0.046811379 -0.855560958 -0.003648667 0.999981761 0.004823871 0.047831424 0.046829194 -0.004647747 0.998892069 37.778358459
0.998986900 0.005429214 -0.044671766 -0.899897814 -0.005347338 0.999983788 0.001952118 0.045573805 0.044681635 -0.001711266 0.998999834 38.428779602
0.999063253 0.005852770 -0.042875927 -0.925282955 -0.005853873 0.999982834 0.000099830 0.048769213 0.042875774 0.000151254 0.999080420 39.061016083
0.999186873 0.007028113 -0.039700229 -0.952340484 -0.007012310 0.999975264 0.000537302 0.057364859 0.039703019 -0.000258475 0.999211490 39.708881378
0.999263108 0.011594488 -0.036590934 -0.981711566 -0.011484550 0.999928892 0.003213219 0.058969732 0.036625590 -0.002790621 0.999325156 40.336338043
0.999350250 0.015662912 -0.032461584 -1.016741991 -0.015452120 0.999857843 0.006734410 0.056679085 0.032562450 -0.006228434 0.999450266 40.962917328
0.999386191 0.020715203 -0.028252304 -1.039542675 -0.020504804 0.999759912 0.007716645 0.058545973 0.028405374 -0.007132600 0.999571085 41.563106537
0.999442160 0.024372846 -0.022838363 -1.058880687 -0.024199819 0.999676526 0.007822205 0.065159589 0.023021627 -0.007265158 0.999708593 42.148380280
0.999447525 0.028610161 -0.016914699 -1.071658850 -0.028442403 0.999544621 0.010076694 0.064031757 0.017195292 -0.009590033 0.999806166 42.712730408
0.999380946 0.033572376 -0.010519804 -1.086721539 -0.033457220 0.999380231 0.010938478 0.075742103 0.010880515 -0.010579742 0.999884844 43.267654419
0.999324322 0.036559582 -0.003807144 -1.087383866 -0.036517065 0.999275804 0.010695787 0.074121721 0.004195421 -0.010549534 0.999935567 43.802509308
0.999190807 0.040020946 0.004039844 -1.096810222 -0.040062957 0.999137461 0.010915260 0.073444903 -0.003599522 -0.011068274 0.999932289 44.299037933
0.998947203 0.044376250 0.011635044 -1.096959114 -0.044499200 0.998953879 0.010529975 0.076155595 -0.011155592 -0.011036637 0.999876976 44.789054871
0.998652160 0.048158605 0.019357031 -1.095509529 -0.048312295 0.998803675 0.007551870 0.080125101 -0.018970188 -0.008476872 0.999784112 45.263904572
0.998325229 0.050952222 0.027395943 -1.088736415 -0.051105153 0.998681188 0.004910816 0.076479636 -0.027109597 -0.006302665 0.999612570 45.695072174
0.998059750 0.051303886 0.035278548 -1.072276711 -0.051496346 0.998662710 0.004568066 0.082122967 -0.034997012 -0.006375917 0.999367058 46.126434326
0.997792244 0.050442915 0.043198310 -1.052124500 -0.050747957 0.998693526 0.005993632 0.079651445 -0.042839531 -0.008172624 0.999048650 46.518199921
0.997347951 0.051846080 0.051079836 -1.026404023 -0.052233830 0.998615086 0.006284770 0.086263739 -0.050683245 -0.008936196 0.998674750 46.889606476
0.996674180 0.054991070 0.060137991 -1.014523149 -0.055495366 0.998436153 0.006746548 0.083080195 -0.059672948 -0.010061490 0.998167276 47.249629974
0.995810032 0.059979625 0.069028512 -0.997015595 -0.060543727 0.998146832 0.006107232 0.084118530 -0.068534292 -0.010260885 0.997595966 47.561569214
0.994948447 0.063490398 0.077759370 -0.969356894 -0.064163275 0.997920215 0.006183241 0.081627965 -0.077205069 -0.011141305 0.996952891 47.867694855
0.994156480 0.063093901 0.087589435 -0.952030659 -0.063966542 0.997926116 0.007189344 0.073532708 -0.086954176 -0.012750128 0.996130764 48.143264771
0.993282080 0.061594736 0.097963013 -0.908468306 -0.062391330 0.998038828 0.005086127 0.076750316 -0.097457632 -0.011164002 0.995177031 48.406349182
0.992125988 0.060297817 0.109773189 -0.873956919 -0.060743399 0.998153210 0.000716562 0.075030722 -0.109527260 -0.007378918 0.993956387 48.668144226
0.990504444 0.061411921 0.123001434 -0.833603203 -0.061461378 0.998103619 -0.003395839 0.074313521 -0.122976728 -0.004196244 0.992400646 48.923931122
0.988307834 0.063194074 0.138759077 -0.798453510 -0.063049622 0.997995555 -0.005440870 0.071710095 -0.138824776 -0.003371452 0.990311205 49.185710907
0.985831141 0.064891718 0.154680520 -0.746506512 -0.064601481 0.997887254 -0.006907474 0.069996573 -0.154801965 -0.003182991 0.987940311 49.425807953
0.982978880 0.065412693 0.171678782 -0.697469234 -0.064951301 0.997853935 -0.008309306 0.073082328 -0.171853870 -0.002982890 0.985117853 49.684616089
0.979716539 0.064562023 0.189702973 -0.634564877 -0.063951410 0.997909248 -0.009345029 0.066337429 -0.189909682 -0.002976293 0.981797040 49.915328979
0.975842237 0.063754767 0.208966896 -0.569086313 -0.063140020 0.997958243 -0.009618248 0.061726555 -0.209153458 -0.003808281 0.977875352 50.141532898
0.971220315 0.064116426 0.229390681 -0.500045300 -0.063365027 0.997933567 -0.010647941 0.055240978 -0.229599372 -0.004193848 0.973276138 50.393184662
0.965952516 0.066132747 0.250123858 -0.422628999 -0.064913303 0.997804582 -0.013131005 0.058862608 -0.250443041 -0.003552438 0.968124807 50.631839752
0.959769487 0.066840038 0.272717506 -0.336936712 -0.065121867 0.997759163 -0.015357516 0.056436457 -0.273132861 -0.003020202 0.961971581 50.866981506
0.952396095 0.068519823 0.297063470 -0.250646740 -0.066706963 0.997640252 -0.016248023 0.045720577 -0.297475815 -0.004341647 0.954719543 51.104820251
0.943806052 0.071431123 0.322688371 -0.151684240 -0.069632038 0.997425616 -0.017131375 0.036727525 -0.323081434 -0.006300756 0.946350217 51.336177826
0.933944225 0.073208429 0.349840939 -0.046866536 -0.071332701 0.997285426 -0.018262351 0.029752584 -0.350228190 -0.007899086 0.936631262 51.576206207
0.922643423 0.074227385 0.378443480 0.066934392 -0.072130702 0.997200012 -0.019735118 0.022830943 -0.378848732 -0.009088922 0.925414085 51.810310364
0.910029948 0.072228342 0.408201724 0.202364340 -0.069361761 0.997352481 -0.021841776 0.013925811 -0.408698559 -0.008436914 0.912630558 52.039047241
0.895123184 0.069409974 0.440382540 0.351441383 -0.065280922 0.997565150 -0.024538927 0.005206731 -0.441013455 -0.006783213 0.897474945 52.264896393
0.877801657 0.068829201 0.474053442 0.502320170 -0.062707305 0.997618198 -0.028732408 -0.002721556 -0.474901974 -0.004505254 0.880027175 52.478912354
0.858254313 0.070803672 0.508317351 0.670937657 -0.062203143 0.997487009 -0.033915151 -0.010117932 -0.509441316 -0.002511113 0.860501826 52.705722809
0.836449325 0.072496891 0.543227971 0.856001377 -0.061429158 0.997367978 -0.038517345 -0.017715998 -0.544590592 -0.001152228 0.838701248 52.932659149
0.811853409 0.075467840 0.578963399 1.041083813 -0.062691189 0.997145951 -0.042068969 -0.031686481 -0.580485880 -0.002142068 0.814267516 53.144618988
0.784692526 0.079052329 0.614823818 1.258961320 -0.065245435 0.996858537 -0.044901304 -0.049049720 -0.616441965 -0.004880726 0.787385285 53.366813660
0.754592657 0.083436750 0.650867224 1.493283272 -0.068810828 0.996476054 -0.047964569 -0.059585575 -0.652575612 -0.008593003 0.757674813 53.613689423
0.721560419 0.084792525 0.687139571 1.748525262 -0.068742000 0.996342242 -0.050762393 -0.072874464 -0.688930392 -0.010607214 0.724749923 53.841091156
0.684865713 0.082328521 0.724003494 2.033680201 -0.065102138 0.996536613 -0.051736157 -0.090484239 -0.725755215 -0.011701846 0.687853515 54.071338654
0.645623684 0.080484144 0.759402752 2.325565815 -0.061883733 0.996674120 -0.053019132 -0.117457740 -0.761144161 -0.012764270 0.648456931 54.288070679
0.603172779 0.080509715 0.793536901 2.671681404 -0.060237247 0.996649384 -0.055330116 -0.130853936 -0.795332611 -0.014426861 0.606001377 54.513336182
0.557126522 0.079983227 0.826566875 3.038574934 -0.056222636 0.996699989 -0.058550801 -0.152540892 -0.828522384 -0.013851557 0.559784830 54.722026825
0.508856416 0.079006352 0.857218146 3.441071749 -0.053305555 0.996760547 -0.060224492 -0.178375736 -0.859199405 -0.015048869 0.511419535 54.928153992
0.460336894 0.076968729 0.884401321 3.858844757 -0.051281653 0.996876299 -0.060064889 -0.202543303 -0.886261821 -0.017703474 0.462846071 55.111110687
0.410102367 0.074925117 0.908956647 4.297032356 -0.051201954 0.996939480 -0.059076272 -0.225545555 -0.910601079 -0.022313040 0.412683547 55.289283752
0.360400587 0.074387580 0.929826736 4.764825821 -0.054065995 0.996805131 -0.058790002 -0.251775473 -0.931229413 -0.029084060 0.363271028 55.442234039
0.311152786 0.074902236 0.947403550 5.244233131 -0.052053899 0.996735990 -0.061706588 -0.273807734 -0.948933244 -0.030115873 0.314036161 55.578006744
0.263848811 0.071099333 0.961940050 5.745155334 -0.040678199 0.997212589 -0.062548883 -0.309961468 -0.963705957 -0.022626545 0.266005516 55.675743103
0.220090628 0.065590307 0.973271787 6.257752895 -0.027107518 0.997762859 -0.061110843 -0.331881523 -0.975102663 -0.012933061 0.221376225 55.741001129
0.178422272 0.064902075 0.981811106 6.797451973 -0.017880134 0.997871459 -0.062714413 -0.358948469 -0.983791530 -0.006365268 0.179202914 55.793754578
0.139382407 0.066091850 0.988030553 7.351143837 -0.014972370 0.997796774 -0.064632982 -0.386648566 -0.990125299 -0.005784461 0.140064895 55.857982635
0.106739923 0.066483788 0.992061675 7.917582989 -0.006555110 0.997787356 -0.066162206 -0.430786729 -0.994265378 0.000559075 0.106939554 55.894229889
0.077724576 0.065301962 0.994833946 8.508327484 0.001328618 0.997844875 -0.065603413 -0.454246670 -0.996973991 0.006420752 0.077470310 55.914047241
0.052828159 0.063513458 0.996581793 9.111385345 0.008032302 0.997915983 -0.064024277 -0.491612583 -0.998571157 0.011387132 0.052207910 55.925197601
0.032835238 0.062795609 0.997486115 9.730691910 0.012814629 0.997915804 -0.063244499 -0.517088771 -0.999378562 0.014859060 0.031962097 55.930389404
0.016749728 0.064272344 0.997791827 10.349711418 0.015372456 0.997797370 -0.064530753 -0.554233611 -0.999741495 0.016419381 0.015724808 55.936187744
0.003247576 0.064316966 0.997924209 11.003938675 0.015904028 0.997799933 -0.064360701 -0.589112639 -0.999868214 0.016080031 0.002217532 55.931209564
-0.008237624 0.065012358 0.997850478 11.646164894 0.017174587 0.997746348 -0.064863794 -0.625719070 -0.999818504 0.016603343 -0.009335618 55.917343140
-0.017294614 0.067928970 0.997540236 12.324406624 0.021967579 0.997474551 -0.067543626 -0.665046096 -0.999608994 0.020745410 -0.018743169 55.895771027
-0.023650102 0.069710664 0.997286856 12.995727539 0.026032796 0.997270465 -0.069092169 -0.705485344 -0.999381244 0.024328126 -0.025400311 55.868114471
-0.028302222 0.069389619 0.997188091 13.704457283 0.026669573 0.997285008 -0.068639427 -0.737248421 -0.999243498 0.024651932 -0.030075977 55.841365814
-0.031939398 0.067123085 0.997233331 14.401208878 0.024277469 0.997500062 -0.066363484 -0.766184866 -0.999194860 0.022090690 -0.033489134 55.824150085
-0.034665871 0.060015213 0.997595251 15.150124550 0.022048842 0.997998238 -0.059273273 -0.812724113 -0.999155700 0.019941062 -0.035919752 55.806091309
-0.035385992 0.054586735 0.997881830 15.873989105 0.023744438 0.998271227 -0.053766035 -0.845520318 -0.999091685 0.021791575 -0.036620952 55.774131775
-0.036141075 0.051818330 0.998002350 16.635805130 0.026273090 0.998358846 -0.050885394 -0.885293961 -0.999001265 0.024381552 -0.037443198 55.742218018
-0.035765827 0.053553246 0.997924268 17.387386322 0.029428478 0.998186588 -0.052512594 -0.935954273 -0.998926818 0.027489232 -0.037276961 55.708057404
-0.035216961 0.061332166 0.997495949 18.152135849 0.030416800 0.997718453 -0.060271963 -0.965013087 -0.998916745 0.028218040 -0.037002139 55.682243347
-0.032503292 0.069410399 0.997058630 18.910709381 0.031374682 0.997164905 -0.068395011 -1.000632644 -0.998979151 0.029059334 -0.034588866 55.651592255
-0.030705817 0.070506178 0.997038543 19.709226608 0.031820580 0.997072279 -0.069528572 -1.031951547 -0.999021769 0.029591417 -0.032859467 55.633872986
-0.027987747 0.065967768 0.997429132 20.503536224 0.031205060 0.997391462 -0.065089650 -1.079265356 -0.999121010 0.029303130 -0.029973265 55.602668762
-0.025994629 0.059520338 0.997888565 21.320196152 0.030842947 0.997798383 -0.058711518 -1.129410744 -0.999186158 0.029251639 -0.027773183 55.595241547
-0.022963075 0.057643097 0.998073101 22.116306305 0.028884837 0.997957885 -0.056971882 -1.180273056 -0.999318957 0.027520934 -0.024581192 55.583965302
-0.020130498 0.063443415 0.997782409 22.914768219 0.036696244 0.997358978 -0.062676139 -1.220486045 -0.999123693 0.035353158 -0.022405472 55.562664032
-0.016763078 0.068702608 0.997496426 23.707311630 0.038270637 0.996949494 -0.068021819 -1.269492865 -0.999126852 0.037034564 -0.019341240 55.554328918
-0.014189898 0.069518350 0.997479737 24.518077850 0.032489717 0.997085392 -0.069028705 -1.310550332 -0.999371350 0.031428322 -0.016407175 55.543830872
-0.010612214 0.066207565 0.997749388 25.327434540 0.028093429 0.997431397 -0.065887682 -1.356762171 -0.999548972 0.027330987 -0.012444956 55.549545288
-0.006299626 0.062180769 0.998045027 26.142553329 0.031759758 0.997573733 -0.061950941 -1.416769862 -0.999475718 0.031307392 -0.008259187 55.540603638
-0.002523311 0.063194759 0.997997999 26.947307587 0.036478877 0.997342765 -0.063061059 -1.467675805 -0.999331295 0.036246721 -0.004821882 55.533706665
0.000055258 0.067863479 0.997694612 27.754684448 0.036345091 0.997035205 -0.067820646 -1.514894009 -0.999339402 0.036265042 -0.002411410 55.532943726
0.003678701 0.068786494 0.997624576 28.569988251 0.032504722 0.997095883 -0.068869889 -1.561458826 -0.999464810 0.032680865 0.001432132 55.554386139
0.007964483 0.068113975 0.997645676 29.383426666 0.031943977 0.997150838 -0.068335198 -1.612002969 -0.999457836 0.032413024 0.005765960 55.550174713
0.011007849 0.064974606 0.997826219 30.198150635 0.035679571 0.997225642 -0.065329112 -1.664863586 -0.999302745 0.036321133 0.008659041 55.558483124
0.014940959 0.065192603 0.997760832 31.003225327 0.040374935 0.997019053 -0.065748714 -1.723064303 -0.999072909 0.041266881 0.012264273 55.564960480
0.018048722 0.066140883 0.997647047 31.832929611 0.043474589 0.996813953 -0.066872172 -1.777817965 -0.998891532 0.044579249 0.015115767 55.585277557
0.020961972 0.066339895 0.997576892 32.634113312 0.043617923 0.996785402 -0.067203812 -1.818171620 -0.998828351 0.044920955 0.018000975 55.590972900
0.024701975 0.064718165 0.997597754 33.455589294 0.044780813 0.996829033 -0.065777123 -1.871814013 -0.998691440 0.046298061 0.021725511 55.610198975
0.028466634 0.063881561 0.997551441 34.279254913 0.046889659 0.996771991 -0.065169707 -1.925292492 -0.998494387 0.048630010 0.025379356 55.633678436
0.031037332 0.063899055 0.997473598 35.083877563 0.045491036 0.996829987 -0.065273315 -1.973106384 -0.998482466 0.047402017 0.028032104 55.658439636
0.034058768 0.065885462 0.997245789 35.908500671 0.042605195 0.996821880 -0.067312531 -2.022474766 -0.998511255 0.044780429 0.031143460 55.696567535
0.037149839 0.065666243 0.997149885 36.725242615 0.044228751 0.996752918 -0.067287870 -2.073775530 -0.998330474 0.046602421 0.034124866 55.720855713
0.039473921 0.065620124 0.997063577 37.547630310 0.042151820 0.996843696 -0.067274466 -2.121502399 -0.998331130 0.044683628 0.036583316 55.764766693
0.041510105 0.065843962 0.996966064 38.373809814 0.040177528 0.996909082 -0.067513041 -2.174723864 -0.998329937 0.042858116 0.038736355 55.812656403
0.044726878 0.065724634 0.996834755 39.227718353 0.037933238 0.997002184 -0.067437679 -2.230412960 -0.998278737 0.040829450 0.042099643 55.845325470
0.047553893 0.067946397 0.996554971 40.029083252 0.036129899 0.996913791 -0.069694936 -2.276924372 -0.998215020 0.039319694 0.044952240 55.897087097
0.051370796 0.071598850 0.996109784 40.861194611 0.034626663 0.996699214 -0.073426977 -2.331389904 -0.998079181 0.038263954 0.048722006 55.931327820
0.054471444 0.073723510 0.995790005 41.702487946 0.035328474 0.996503890 -0.075708896 -2.386053562 -0.997890174 0.039303713 0.051676471 55.985576630
0.057464909 0.075650461 0.995477080 42.539569855 0.029069718 0.996575356 -0.077411987 -2.447761774 -0.997924209 0.033386722 0.055068970 56.047641754
0.060127594 0.074813396 0.995383084 43.394943237 0.025375092 0.996750534 -0.076448977 -2.501027822 -0.997868121 0.029854633 0.058033820 56.112739563
0.063237049 0.075306498 0.995153248 44.248378754 0.027446251 0.996640623 -0.077163123 -2.568176746 -0.997621059 0.032192793 0.060957730 56.179523468
0.067383803 0.076560639 0.994785368 45.107360840 0.026676401 0.996556759 -0.078503966 -2.630258322 -0.997370422 0.031827189 0.065109417 56.233314514
0.070942685 0.077703856 0.994449198 45.958545685 0.022415536 0.996585190 -0.079469852 -2.688352346 -0.997228503 0.027928917 0.068958655 56.307590485
0.075219281 0.075800195 0.994281828 46.832839966 0.021709232 0.996745706 -0.077630386 -2.744456530 -0.996930718 0.027424397 0.073328942 56.377365112
0.079988033 0.075680315 0.993918717 47.703414917 0.021672014 0.996745825 -0.077639714 -2.814541340 -0.996560216 0.027750468 0.078087598 56.454933167
0.084747456 0.079119280 0.993256211 48.569461823 0.018358840 0.996549129 -0.080948025 -2.881651640 -0.996233344 0.025095172 0.083002470 56.535957336
0.090545505 0.087541640 0.992037296 49.430427551 0.016207229 0.995867550 -0.089358903 -2.948248386 -0.995760500 0.024169225 0.088752538 56.624526978
0.097564615 0.092674904 0.990904927 50.327011108 0.014412404 0.995418906 -0.094516136 -3.014601707 -0.995124817 0.023502752 0.095782012 56.723117828
0.105121896 0.095464967 0.989866495 51.174942017 0.010302965 0.995223641 -0.097075783 -3.090695620 -0.994405985 0.020403350 0.103636220 56.825366974
0.112289846 0.093811683 0.989237189 52.079170227 0.006989664 0.995434284 -0.095192768 -3.171624422 -0.993650913 0.017603617 0.111121438 56.936927795
0.119758777 0.092271060 0.988505900 52.955593109 0.006178093 0.995583177 -0.093680151 -3.242395639 -0.992783785 0.017326102 0.118659750 57.049602509
0.127065688 0.088490941 0.987939179 53.842067719 0.005761535 0.995929837 -0.089947701 -3.324862480 -0.991877496 0.017121317 0.126038685 57.171459198
0.135192990 0.082716458 0.987360537 54.734340668 0.003376903 0.996464968 -0.083941564 -3.403863907 -0.990813553 0.014682531 0.134435743 57.279426575
0.141629368 0.075754002 0.987017095 55.634792328 0.001365772 0.997051716 -0.076720156 -3.464835644 -0.989918828 0.012213866 0.141108319 57.441585541
0.149013057 0.073459029 0.986102939 56.513893127 0.001219949 0.997222364 -0.074471720 -3.529940844 -0.988834500 0.012300255 0.148509532 57.577140808
0.156527579 0.075235888 0.984803855 57.388771057 0.001233965 0.997078776 -0.076369792 -3.595524549 -0.987672806 0.013169192 0.155977458 57.719032288
0.161891282 0.081853956 0.983407915 58.242298126 0.002335488 0.996519268 -0.083329752 -3.656606913 -0.986805797 0.015787099 0.161136627 57.869892120
0.167207658 0.085216142 0.982232034 59.094810486 0.000160028 0.996255279 -0.086460002 -3.729341507 -0.985921681 0.014613961 0.166567907 58.021015167
0.172136813 0.088081904 0.981127083 59.943996429 -0.000989154 0.996009290 -0.089244395 -3.802956104 -0.985072613 0.014391760 0.171536967 58.182952881
0.177849889 0.087791823 0.980133653 60.775257111 -0.003421063 0.996061742 -0.088597730 -3.873110056 -0.984051704 0.012403999 0.177449793 58.330650330
0.182883903 0.084674805 0.979481399 61.608581543 0.000645717 0.996273696 -0.086247027 -3.946552992 -0.983134329 0.016405661 0.182147726 58.489997864
0.187961608 0.078231141 0.979055822 62.430473328 0.001395162 0.996800601 -0.079916857 -4.006420612 -0.982175350 0.016387247 0.187251136 58.635616302
0.190871879 0.072283298 0.978949904 63.270618439 -0.000722633 0.997295201 -0.073496953 -4.073317528 -0.981614649 0.013321083 0.190407857 58.817092896
0.194249451 0.068852350 0.978532791 64.054985046 -0.004408952 0.997584820 -0.069317698 -4.132473946 -0.980942249 0.009150617 0.194083825 58.978981018
0.197741747 0.068711989 0.977842987 64.851135254 -0.006461352 0.997609913 -0.068794362 -4.196244717 -0.980232894 0.007285330 0.197713062 59.143573761
0.199552268 0.070829943 0.977323830 65.622131348 -0.007633674 0.997466207 -0.070731066 -4.248556614 -0.979857385 0.006653973 0.199587330 59.313137054
0.200769708 0.075054772 0.976759076 66.384368896 -0.011291037 0.997171819 -0.074302465 -4.304128170 -0.979573429 0.003889060 0.201049328 59.480854034
0.202763736 0.079471827 0.975997448 67.139640808 -0.013072783 0.996832132 -0.078452431 -4.362573624 -0.979140580 0.003148306 0.203160316 59.652153015
0.204524800 0.085069306 0.975157857 67.880317688 -0.013888113 0.996368408 -0.084006816 -4.420178890 -0.978762925 0.003638373 0.204963520 59.823822021
0.206576705 0.086767934 0.974575460 68.627731323 -0.012973565 0.996215403 -0.085944593 -4.483868122 -0.978344440 0.005110438 0.206920609 59.976261139
0.207827181 0.086514018 0.974332213 69.358489990 -0.015121571 0.996246099 -0.085234359 -4.544400692 -0.978048742 0.002980584 0.208355263 60.144470215
0.208605856 0.083640188 0.974416733 70.085174561 -0.014988784 0.996492743 -0.082326256 -4.604759693 -0.977884889 0.002568419 0.209127903 60.303470612
0.209755123 0.081167780 0.974379063 70.791427612 -0.015292182 0.996698856 -0.079735100 -4.666162014 -0.977634251 0.001824461 0.210303903 60.450477600
0.209300473 0.080036052 0.974570513 71.499229431 -0.014306929 0.996788681 -0.078788139 -4.720336914 -0.977746665 0.002547283 0.209773421 60.611492157
0.207473755 0.079131477 0.975034714 72.187248230 -0.014361166 0.996861875 -0.077847064 -4.779554844 -0.978135109 0.002148582 0.207959056 60.767784119
0.205255955 0.079898022 0.975441515 72.877754211 -0.016029596 0.996802986 -0.078274719 -4.840826511 -0.978577018 0.000430418 0.205880478 60.931552887
0.203179315 0.082974389 0.975619495 73.541542053 -0.016143747 0.996551335 -0.081392571 -4.889945030 -0.979008436 0.000787132 0.203818128 61.066505432
0.201075733 0.086805373 0.975721955 74.172683716 -0.014368994 0.996220112 -0.085667849 -4.942130089 -0.979470313 0.003205583 0.201562971 61.197162628
0.199824661 0.087459370 0.975920558 74.832870483 -0.012232440 0.996153414 -0.086767942 -4.995054722 -0.979755282 0.005400485 0.200125858 61.326431274
0.197717145 0.086456373 0.976439059 75.480262756 -0.012442297 0.996244073 -0.085690551 -5.042840481 -0.980180085 0.004793346 0.198050275 61.458412170
0.194966912 0.083425984 0.977255344 76.096908569 -0.013373869 0.996509492 -0.082401499 -5.096366405 -0.980718553 0.002995883 0.195402116 61.580055237
0.192764789 0.079210423 0.978042662 76.729644775 -0.012506129 0.996853888 -0.078269042 -5.152337074 -0.981165349 0.002855990 0.193148926 61.712558746
0.191115424 0.078352630 0.978435338 77.329010010 -0.009484175 0.996909857 -0.077979520 -5.206631184 -0.981521785 0.005623441 0.191267952 61.814647675
0.189722404 0.080006339 0.978572667 77.931221008 -0.005848004 0.996748924 -0.080358602 -5.254544735 -0.981820405 0.009523129 0.189573452 61.917415619
0.186948448 0.081599921 0.978974760 78.510269165 -0.001266470 0.996563375 -0.082824111 -5.299719810 -0.982368886 0.014243999 0.186409324 62.032684326
0.184883609 0.082957260 0.979252815 79.096168518 -0.002200954 0.996463299 -0.083999708 -5.352899551 -0.982757986 0.013374876 0.184412330 62.151569366
0.183368117 0.086427137 0.979237676 79.691101074 -0.002351695 0.996163428 -0.087480634 -5.385279179 -0.983041525 0.013738290 0.182867840 62.267150879
0.182962731 0.084590994 0.979473829 80.281959534 -0.000479566 0.996298969 -0.085954495 -5.439095020 -0.983119845 0.015256746 0.182326123 62.363338470
0.184427679 0.082676068 0.979362607 80.879425049 0.005775818 0.996347427 -0.085197568 -5.486734867 -0.982829094 0.021369407 0.183276489 62.448078156
0.185830876 0.081322193 0.979210675 81.472869873 0.010406461 0.996350408 -0.084720530 -5.524113178 -0.982526660 0.025933811 0.184306398 62.570110321
0.188615397 0.080632992 0.978735089 82.069320679 0.013004711 0.996331036 -0.084588811 -5.577465534 -0.981964946 0.028682921 0.186874762 62.670467377
0.191419169 0.080291383 0.978218853 82.671371460 0.010377267 0.996427119 -0.083816551 -5.626793385 -0.981453538 0.026195334 0.189902082 62.813549042
0.196690872 0.080929637 0.977119803 83.278228760 0.009225375 0.996390760 -0.084382780 -5.674381733 -0.980422139 0.025611619 0.195234329 62.931968689
0.203331664 0.079869732 0.975846887 83.883682251 0.010341814 0.996436596 -0.083709791 -5.717107296 -0.979055226 0.027112877 0.201781094 63.055351257
0.210510254 0.080383733 0.974281251 84.494026184 0.008339520 0.996429801 -0.084013022 -5.761485100 -0.977556109 0.025810640 0.209088311 63.206310272
0.218998343 0.078176349 0.972588420 85.123748779 0.008943274 0.996582389 -0.082118742 -5.810859203 -0.975684226 0.026681995 0.217550769 63.354721069
0.227502987 0.078108303 0.970639765 85.736228943 0.005278960 0.996664166 -0.081439830 -5.863234997 -0.973762989 0.023651773 0.226331800 63.510978699
0.237411410 0.077617794 0.968303323 86.371116638 0.004042007 0.996715128 -0.080886260 -5.912669659 -0.971400738 0.023117216 0.236317828 63.674457550
0.247485712 0.081287459 0.965475678 87.011535645 -0.000959611 0.996494472 -0.083653077 -5.959631443 -0.968891144 0.019776464 0.246696159 63.847946167
0.256401539 0.083554730 0.962952077 87.651832581 -0.004478290 0.996348619 -0.085260101 -6.006928444 -0.966559947 0.017548451 0.255839556 64.041557312
0.267145187 0.086348481 0.959779799 88.310935974 -0.008826711 0.996154785 -0.087164208 -6.059128284 -0.963615775 0.014813802 0.266880184 64.238327026
0.277219594 0.088542275 0.956718147 88.973815918 -0.010274389 0.995960951 -0.089197002 -6.106683731 -0.960751653 0.014897464 0.277009606 64.446235657
0.287086904 0.088765606 0.953782976 89.645668030 -0.012712708 0.995962560 -0.088864632 -6.163659573 -0.957820177 0.013386710 0.287056267 64.661170959
0.297603011 0.089257181 0.950507998 90.335227966 -0.013952547 0.995920241 -0.089153074 -6.223176956 -0.954587638 0.013270213 0.297634214 64.885131836
0.307670593 0.090720616 0.947158098 91.028533936 -0.018365577 0.995824993 -0.089416243 -6.270717144 -0.951315641 0.010115642 0.308052212 65.127548218
0.318322062 0.085451506 0.944123387 91.734367371 -0.017636308 0.996290565 -0.084226809 -6.328005314 -0.947818577 0.010160402 0.318648338 65.369544983
0.328672260 0.078723080 0.941157281 92.452888489 -0.014428406 0.996822357 -0.078340448 -6.382611752 -0.944333851 0.012168938 0.328763664 65.625251770
0.339925528 0.074102014 0.937528431 93.180503845 -0.012679848 0.997161448 -0.074217983 -6.437142849 -0.940366864 0.013340872 0.339900285 65.894760132
0.349821836 0.071159564 0.934109747 93.931190491 -0.013913662 0.997395635 -0.070769981 -6.490851402 -0.936712980 0.011760002 0.349900872 66.199089050
0.359626919 0.068955339 0.930544794 94.675544739 -0.007760014 0.997452259 -0.070914328 -6.531806946 -0.933063924 0.018281659 0.359245777 66.471420288
0.368219674 0.063555337 0.927563906 95.451774597 -0.001000967 0.997687340 -0.067962728 -6.572914124 -0.929738343 0.024096753 0.367431670 66.779220581
0.375228673 0.053749394 0.925372601 96.215339661 0.008791496 0.998066127 -0.061536580 -6.625198364 -0.926890612 0.031225691 0.374030411 67.077209473
0.381972939 0.049256451 0.922859907 96.986244202 0.013633676 0.998169720 -0.058918998 -6.676317215 -0.924072981 0.035087433 0.380602211 67.400535583
0.389599055 0.049210452 0.919668853 97.776382446 0.016066685 0.998056352 -0.060211200 -6.727608681 -0.920844376 0.038234260 0.388051212 67.726982117
0.397393048 0.054932885 0.916002750 98.552223206 0.019185780 0.997491002 -0.068143196 -6.775515079 -0.917447925 0.044653855 0.395342082 68.060287476
0.404043645 0.059802081 0.912782848 99.320228577 0.022256341 0.996922553 -0.075166382 -6.819591522 -0.914468884 0.050685700 0.401469260 68.408279419
0.409600943 0.062203016 0.910141587 100.090629578 0.020236615 0.996807635 -0.077233441 -6.869619370 -0.912040234 0.050053086 0.407034576 68.747627258
0.413581342 0.063701518 0.908235967 100.848899841 0.013171645 0.997026324 -0.075927004 -6.935718060 -0.910371840 0.043364964 0.411512494 69.121391296
0.418014556 0.067196339 0.905951679 101.597389221 0.006462099 0.997015417 -0.076932393 -6.997017384 -0.908417344 0.038013209 0.416332722 69.468147278
0.422216833 0.069985226 0.903789222 102.339523315 0.005789364 0.996786833 -0.079891071 -7.064936161 -0.906476378 0.038963728 0.420455039 69.815948486
0.426108122 0.074775144 0.901576638 103.069557190 0.002290280 0.996485949 -0.083729193 -7.122589111 -0.904669404 0.037742544 0.424439460 70.173225403
0.429802299 0.077582277 0.899583697 103.793807983 -0.000706932 0.996330321 -0.085588150 -7.184103012 -0.902922750 0.036150053 0.428279907 70.523078918
0.433382779 0.075895175 0.898008466 104.521293640 -0.001519201 0.996507704 -0.083486646 -7.250780106 -0.901208639 0.034817424 0.431984633 70.896163940
0.437690794 0.072848976 0.896169543 105.220237732 -0.000638841 0.996737242 -0.080712043 -7.312517643 -0.899125338 0.034754414 0.436309248 71.229568481
0.441054076 0.070171811 0.894733071 105.910598755 -0.001610695 0.996998906 -0.077398308 -7.378052235 -0.897479117 0.032695696 0.439843476 71.572845459
0.444689959 0.069094054 0.893015623 106.598548889 -0.001979816 0.997093558 -0.076160870 -7.437151432 -0.895682395 0.032099962 0.443534225 71.923339844
0.448007852 0.070934854 0.891211152 107.264648438 -0.003970071 0.996995449 -0.077358894 -7.489113808 -0.894020855 0.031119218 0.446943343 72.263244629
0.450504124 0.071108982 0.889937997 107.930473328 -0.002560244 0.996921778 -0.078361303 -7.543304920 -0.892770708 0.033023626 0.449299335 72.613670349
0.453301281 0.069637753 0.888632953 108.581871033 -0.000310292 0.996955812 -0.077968195 -7.593674660 -0.891357303 0.035067357 0.451943010 72.937629700
0.454843223 0.068935066 0.887899458 109.228698730 0.001531334 0.996937692 -0.078185067 -7.643760681 -0.890570223 0.036921617 0.453344822 73.270408630
0.456596851 0.068524696 0.887030900 109.858238220 0.000619532 0.997004628 -0.077339262 -7.700589180 -0.889673531 0.035862409 0.455186695 73.600669861
0.458941281 0.067621745 0.885889411 110.482490540 0.001979235 0.997019112 -0.077129863 -7.757754326 -0.888464391 0.037151456 0.457439363 73.919616699
0.461027950 0.069473796 0.884661794 111.085731506 0.000673233 0.996902943 -0.078639105 -7.820510387 -0.887385309 0.036850408 0.459553301 74.254989624
0.463728547 0.069192387 0.883271337 111.683876038 0.003906563 0.996776342 -0.080134988 -7.874185562 -0.885968685 0.040611427 0.461963356 74.566505432
0.467254341 0.068654388 0.881453335 112.278038025 0.005973511 0.996712565 -0.080798201 -7.920610428 -0.884102762 0.043018680 0.465308160 74.867843628
0.470768899 0.066500723 0.879746735 112.854553223 0.009304388 0.996725500 -0.080322191 -7.970917225 -0.882207513 0.045998689 0.468608558 75.162918091
0.473742694 0.065979779 0.878188193 113.431068420 0.010747342 0.996682107 -0.080680132 -8.017355919 -0.880597770 0.047659807 0.471461713 75.475341797
0.477191329 0.065094687 0.876385212 113.984695435 0.011462385 0.996706903 -0.080273010 -8.077638626 -0.878724635 0.048351049 0.474873841 75.774780273
0.480419397 0.064282097 0.874679923 114.540054321 0.011979526 0.996736228 -0.079832055 -8.127317429 -0.876956999 0.048831120 0.478081435 76.079597473
0.484596044 0.064092092 0.872386932 115.087478638 0.013943935 0.996619403 -0.080964766 -8.165075302 -0.874626875 0.051399715 0.482064158 76.365379333
0.488315523 0.065108374 0.870234907 115.626548767 0.013836748 0.996510029 -0.082320124 -8.215270996 -0.872557461 0.052239418 0.485710412 76.679840088
0.492854536 0.065601781 0.867635131 116.173744202 0.016256545 0.996285558 -0.084563449 -8.255297661 -0.869959831 0.055782240 0.489957362 76.981079102
0.497888237 0.068612948 0.864522755 116.700798035 0.013923031 0.996104598 -0.087074392 -8.313347816 -0.867129445 0.055390086 0.494993418 77.284965515
0.502649844 0.074666433 0.861259580 117.227439880 0.010171568 0.995683253 -0.092256561 -8.370509148 -0.864430249 0.055133108 0.499720603 77.620429993
0.508577585 0.081729889 0.857128441 117.745658875 0.004976072 0.995189011 -0.097846948 -8.420110703 -0.861001849 0.054027896 0.505724132 77.939002991
0.514818370 0.088198476 0.852750301 118.251846313 -0.000619751 0.994731843 -0.102509215 -8.474306107 -0.857299089 0.052245133 0.512160838 78.244079590
0.520768046 0.092443131 0.848678291 118.791763306 -0.004179555 0.994384110 -0.105749577 -8.535544395 -0.853687882 0.051523924 0.518229842 78.609107971
0.526088834 0.092699856 0.845362127 119.316276550 -0.008037382 0.994539022 -0.104056261 -8.591261864 -0.850391626 0.047948346 0.523960948 78.953453064
0.531456351 0.092230797 0.842049658 119.833412170 -0.014853088 0.994916737 -0.099600047 -8.644592285 -0.846955419 0.040426042 0.530124724 79.291770935
0.537521899 0.089750573 0.838460028 120.396469116 -0.020925933 0.995433271 -0.093138099 -8.701402664 -0.842990160 0.032518204 0.536945343 79.672966003
0.544108510 0.087877862 0.834400058 120.929397583 -0.027890816 0.995844603 -0.086693503 -8.765000343 -0.838551223 0.023898564 0.544298470 80.008651733
0.550228298 0.086150639 0.830558181 121.481437683 -0.030039057 0.996061862 -0.083417438 -8.812559128 -0.834473789 0.020949440 0.550649345 80.399948120
0.555168211 0.089740381 0.826882601 122.047332764 -0.035382435 0.995810449 -0.084318161 -8.868221283 -0.830985129 0.017553637 0.556017518 80.841712952
0.561511159 0.093740709 0.822142303 122.609138489 -0.038905483 0.995454371 -0.086929902 -8.914647102 -0.826554000 0.016826266 0.562605798 81.237541199
0.567664206 0.096855208 0.817542970 123.176231384 -0.041749809 0.995164335 -0.088909090 -8.974137306 -0.822200894 0.016338237 0.568962872 81.637908936
0.574101925 0.099103943 0.812764168 123.762313843 -0.044407964 0.994955599 -0.089951485 -9.030885696 -0.817578673 0.015548114 0.575606823 82.061927795
